8371400,2022-11-28T19:18:16,1669663096,722978296
8371400,2022-11-29T02:08:33,1669687713,723002913
8371400,2022-11-29T09:11:44,1669713104,723028304
8371400,2022-11-29T15:34:49,1669736089,723051289
8371400,2022-11-29T21:57:24,1669759044,723074244
8371400,2022-11-30T04:59:58,1669784398,723099598
8371400,2022-11-30T11:28:21,1669807701,723122901
8371400,2022-11-30T20:30:32,1669840232,723155432
8371400,2022-12-01T06:19:13,1669875553,723190753
8371400,2022-12-01T15:37:08,1669909028,723224228
8371400,2023-01-09T15:36:36,1673278596,726593796
8371400,2023-01-09T17:00:06,1673283606,726598806
8371400,2023-01-09T18:22:46,1673288566,726603766
8371400,2023-01-09T19:44:00,1673293440,726608640
8371400,2023-01-09T21:06:38,1673298398,726613598
8371400,2023-01-09T22:25:24,1673303124,726618324
8371400,2023-01-09T23:43:29,1673307809,726623009
8371400,2023-01-10T01:04:12,1673312652,726627852
8371400,2023-01-10T02:25:04,1673317504,726632704
8371400,2023-01-10T03:47:34,1673322454,726637654
8371400,2023-01-10T05:13:27,1673327607,726642807
8371400,2023-01-10T06:37:59,1673332679,726647879
8371400,2023-01-10T07:57:56,1673337476,726652676
8371400,2023-01-10T09:17:35,1673342255,726657455
8371400,2023-01-10T10:39:36,1673347176,726662376
8371400,2023-01-10T12:03:18,1673352198,726667398
8371400,2023-01-10T13:26:48,1673357208,726672408
8371400,2023-01-10T14:57:25,1673362645,726677845
8371400,2023-01-10T16:26:00,1673367960,726683160
8371400,2023-01-10T17:53:37,1673373217,726688417
8371400,2023-01-10T19:19:11,1673378351,726693551
8371400,2023-01-10T20:42:59,1673383379,726698579
8371400,2023-01-10T22:04:06,1673388246,726703446
8371400,2023-01-10T23:25:33,1673393133,726708333
8371400,2023-01-11T00:45:24,1673397924,726713124
8371400,2023-01-11T02:06:20,1673402780,726717980
8371400,2023-01-11T03:29:23,1673407763,726722963
8371400,2023-01-11T04:55:17,1673412917,726728117
8371400,2023-01-11T06:20:18,1673418018,726733218
8371400,2023-01-11T07:45:41,1673423141,726738341
8371400,2023-01-11T09:06:53,1673428013,726743213
8371400,2023-01-11T10:30:29,1673433029,726748229
8371400,2023-01-11T11:52:12,1673437932,726753132
8371400,2023-01-11T13:16:09,1673442969,726758169
8371400,2023-01-11T14:43:23,1673448203,726763403
8371400,2023-01-11T16:14:36,1673453676,726768876
8371400,2023-01-11T17:46:36,1673459196,726774396
8371400,2023-01-11T19:17:20,1673464640,726779840
8371400,2023-01-11T20:44:21,1673469861,726785061
8371400,2023-01-11T22:08:20,1673474900,726790100
8371400,2023-01-11T23:29:04,1673479744,726794944
8371400,2023-01-12T00:49:42,1673484582,726799782
8371400,2023-01-12T02:14:59,1673489699,726804899
8371400,2023-01-12T03:42:41,1673494961,726810161
8371400,2023-01-12T05:12:39,1673500359,726815559
8371400,2023-01-12T06:41:03,1673505663,726820863
8371400,2023-01-12T08:06:08,1673510768,726825968
8371400,2023-01-12T09:29:58,1673515798,726830998
8371400,2023-01-12T10:56:21,1673520981,726836181
8371400,2023-01-12T12:21:40,1673526100,726841300
8371400,2023-01-12T13:53:25,1673531605,726846805
8371400,2023-01-12T15:22:02,1673536922,726852122
8371400,2023-01-12T16:52:25,1673542345,726857545
8371400,2023-01-12T18:22:47,1673547767,726862967
8371400,2023-01-12T19:52:45,1673553165,726868365
8371400,2023-01-12T21:20:39,1673558439,726873639
8371400,2023-01-12T22:45:39,1673563539,726878739
8371400,2023-01-13T00:08:47,1673568527,726883727
8371400,2023-01-13T01:32:13,1673573533,726888733
8371400,2023-01-13T02:54:10,1673578450,726893650
8371400,2023-01-13T04:14:57,1673583297,726898497
8371400,2023-01-13T05:37:19,1673588239,726903439
8371400,2023-01-13T07:03:14,1673593394,726908594
8371400,2023-01-13T08:23:13,1673598193,726913393
8371400,2023-01-13T09:43:42,1673603022,726918222
8371400,2023-01-13T11:03:35,1673607815,726923015
8371400,2023-01-13T12:25:49,1673612749,726927949
8371400,2023-01-13T13:49:32,1673617772,726932972
8371400,2023-01-13T15:16:50,1673623010,726938210
8371400,2023-01-13T16:47:09,1673628429,726943629
8371400,2023-01-13T18:15:15,1673633715,726948915
8371400,2023-01-13T19:37:03,1673638623,726953823
8371400,2023-01-13T21:03:49,1673643829,726959029
8371400,2023-01-13T22:26:18,1673648778,726963978
8371400,2023-01-13T23:48:26,1673653706,726968906
8371400,2023-01-14T01:10:09,1673658609,726973809
8371400,2023-01-14T02:36:28,1673663788,726978988
8371400,2023-01-14T04:04:01,1673669041,726984241
8371400,2023-01-14T05:30:18,1673674218,726989418
8371400,2023-01-14T06:57:16,1673679436,726994636
8371400,2023-01-14T08:21:28,1673684488,726999688
8371400,2023-01-14T09:45:06,1673689506,727004706
8371400,2023-01-14T11:08:50,1673694530,727009730
8371400,2023-01-14T12:32:55,1673699575,727014775
8371400,2023-01-14T13:57:44,1673704664,727019864
8371400,2023-01-14T15:29:34,1673710174,727025374
8371400,2023-01-14T17:02:03,1673715723,727030923
8371400,2023-01-14T18:33:52,1673721232,727036432
8371400,2023-01-14T20:03:47,1673726627,727041827
8371400,2023-01-14T21:32:40,1673731960,727047160
8371400,2023-01-14T23:00:27,1673737227,727052427
8371400,2023-01-15T00:28:05,1673742485,727057685
8371400,2023-01-15T01:55:05,1673747705,727062905
8371400,2023-01-15T03:25:26,1673753126,727068326
8371400,2023-01-15T04:55:58,1673758558,727073758
8371400,2023-01-15T06:27:38,1673764058,727079258
8371400,2023-01-15T07:54:35,1673769275,727084475
8371400,2023-01-15T09:22:48,1673774568,727089768
8371400,2023-01-15T10:47:37,1673779657,727094857
8371400,2023-01-15T12:14:27,1673784867,727100067
8371400,2023-01-15T13:42:04,1673790124,727105324
8371400,2023-01-15T15:14:22,1673795662,727110862
8371400,2023-01-15T16:50:25,1673801425,727116625
8371400,2023-01-15T18:24:49,1673807089,727122289
8371400,2023-01-15T19:58:11,1673812691,727127891
8371400,2023-01-15T21:26:09,1673817969,727133169
8371400,2023-01-15T22:56:24,1673823384,727138584
8371400,2023-01-16T00:24:20,1673828660,727143860
8371400,2023-01-16T01:51:17,1673833877,727149077
8371400,2023-01-16T03:20:24,1673839224,727154424
8371400,2023-01-16T04:51:08,1673844668,727159868
8371400,2023-01-16T06:20:21,1673850021,727165221
8371400,2023-01-16T07:46:11,1673855171,727170371
8371400,2023-01-16T09:10:04,1673860204,727175404
8371400,2023-01-16T10:34:45,1673865285,727180485
8371400,2023-01-16T11:59:53,1673870393,727185593
8371400,2023-01-16T13:24:38,1673875478,727190678
8371400,2023-01-16T14:52:22,1673880742,727195942
8371400,2023-01-16T16:23:14,1673886194,727201394
8371400,2023-01-16T17:54:29,1673891669,727206869
8371400,2023-01-16T19:22:07,1673896927,727212127
8371400,2023-01-16T20:48:51,1673902131,727217331
8371400,2023-01-16T22:11:28,1673907088,727222288
8371400,2023-01-16T23:35:15,1673912115,727227315
8371400,2023-01-17T00:59:54,1673917194,727232394
8371400,2023-01-17T02:26:33,1673922393,727237593
8371400,2023-01-17T03:53:44,1673927624,727242824
8371400,2023-01-17T05:21:03,1673932863,727248063
8371400,2023-01-17T06:45:44,1673937944,727253144
8371400,2023-01-17T08:13:33,1673943213,727258413
8371400,2023-01-17T09:41:53,1673948513,727263713
8371400,2023-01-17T11:08:11,1673953691,727268891
8371400,2023-01-17T12:36:56,1673959016,727274216
8371400,2023-01-17T14:03:46,1673964226,727279426
8371400,2023-01-17T15:29:55,1673969395,727284595
8371400,2023-01-17T16:57:15,1673974635,727289835
8371400,2023-01-17T18:21:36,1673979696,727294896
8371400,2023-01-17T19:48:23,1673984903,727300103
8371400,2023-01-17T21:16:28,1673990188,727305388
8371400,2023-01-17T22:50:14,1673995814,727311014
8371400,2023-01-18T00:22:02,1674001322,727316522
8371400,2023-01-18T01:53:16,1674006796,727321996
8371400,2023-01-18T03:28:35,1674012515,727327715
8371400,2023-01-18T05:01:33,1674018093,727333293
8371400,2023-01-18T06:33:47,1674023627,727338827
8371400,2023-01-18T08:06:11,1674029171,727344371
8371400,2023-01-18T09:34:53,1674034493,727349693
8371400,2023-01-18T11:02:22,1674039742,727354942
8371400,2023-01-18T12:32:40,1674045160,727360360
8371400,2023-01-18T14:06:16,1674050776,727365976
8371400,2023-01-18T15:37:52,1674056272,727371472
8371400,2023-01-18T17:07:36,1674061656,727376856
8371400,2023-01-18T18:34:42,1674066882,727382082
8371400,2023-01-18T19:59:54,1674071994,727387194
8371400,2023-01-18T21:28:27,1674077307,727392507
8371400,2023-01-18T22:58:29,1674082709,727397909
8371400,2023-01-19T00:30:32,1674088232,727403432
8371400,2023-01-19T02:03:12,1674093792,727408992
8371400,2023-01-19T03:35:50,1674099350,727414550
8371400,2023-01-19T05:12:32,1674105152,727420352
8371400,2023-01-19T06:48:18,1674110898,727426098
8371400,2023-01-19T08:23:25,1674116605,727431805
8371400,2023-01-19T09:54:50,1674122090,727437290
8371400,2023-01-19T11:26:31,1674127591,727442791
8371400,2023-01-19T12:58:23,1674133103,727448303
8371400,2023-01-19T14:32:03,1674138723,727453923
8371400,2023-01-19T16:01:09,1674144069,727459269
8371400,2023-01-19T17:30:46,1674149446,727464646
8371400,2023-01-19T18:54:14,1674154454,727469654
8371400,2023-01-19T20:22:52,1674159772,727474972
8371400,2023-01-19T21:57:06,1674165426,727480626
8371400,2023-01-19T23:29:51,1674170991,727486191
8371400,2023-01-20T01:00:58,1674176458,727491658
8371400,2023-01-20T02:33:43,1674182023,727497223
8371400,2023-01-20T04:08:56,1674187736,727502936
8371400,2023-01-20T05:43:58,1674193438,727508638
8371400,2023-01-20T07:22:29,1674199349,727514549
8371400,2023-01-20T08:53:57,1674204837,727520037
8371400,2023-01-20T10:23:31,1674210211,727525411
8371400,2023-01-20T11:53:43,1674215623,727530823
8371400,2023-01-20T13:25:30,1674221130,727536330
8371400,2023-01-20T15:01:14,1674226874,727542074
8371400,2023-01-20T16:36:18,1674232578,727547778
8371400,2023-01-20T18:06:07,1674237967,727553167
8371400,2023-01-20T19:33:41,1674243221,727558421
8371400,2023-01-20T21:07:02,1674248822,727564022
8371400,2023-01-20T22:39:10,1674254350,727569550
8371400,2023-01-21T00:07:27,1674259647,727574847
8371400,2023-01-21T01:43:58,1674265438,727580638
8371400,2023-01-21T03:18:34,1674271114,727586314
8371400,2023-01-21T04:55:00,1674276900,727592100
8371400,2023-01-21T06:31:07,1674282667,727597867
8371400,2023-01-21T08:06:24,1674288384,727603584
8371400,2023-01-21T09:38:48,1674293928,727609128
8371400,2023-01-21T11:13:25,1674299605,727614805
8371400,2023-01-21T12:50:39,1674305439,727620639
8371400,2023-01-21T14:25:46,1674311146,727626346
8371400,2023-01-21T15:55:59,1674316559,727631759
8371400,2023-01-21T17:28:12,1674322092,727637292
8371400,2023-01-21T18:59:47,1674327587,727642787
8371400,2023-01-21T20:35:34,1674333334,727648534
8371400,2023-01-21T22:08:31,1674338911,727654111
8371400,2023-01-21T23:40:34,1674344434,727659634
8371400,2023-01-22T01:15:48,1674350148,727665348
8371400,2023-01-22T02:53:06,1674355986,727671186
8371400,2023-01-22T04:32:20,1674361940,727677140
8371400,2023-01-22T06:13:29,1674368009,727683209
8371400,2023-01-22T07:50:34,1674373834,727689034
8371400,2023-01-22T09:26:31,1674379591,727694791
8371400,2023-01-22T11:00:25,1674385225,727700425
8371400,2023-01-22T12:35:13,1674390913,727706113
8371400,2023-01-22T14:12:02,1674396722,727711922
8371400,2023-01-22T15:45:53,1674402353,727717553
8371400,2023-01-22T17:17:22,1674407842,727723042
8371400,2023-01-22T18:50:45,1674413445,727728645
8371400,2023-01-22T20:23:18,1674418998,727734198
8371400,2023-01-22T22:00:21,1674424821,727740021
8371400,2023-01-22T23:30:26,1674430226,727745426
8371400,2023-01-23T01:05:31,1674435931,727751131
8371400,2023-01-23T02:39:41,1674441581,727756781
8371400,2023-01-23T04:21:48,1674447708,727762908
8371400,2023-01-23T06:03:38,1674453818,727769018
8371400,2023-01-23T07:41:10,1674459670,727774870
8371400,2023-01-23T09:17:26,1674465446,727780646
8371400,2023-01-23T10:53:51,1674471231,727786431
8371400,2023-01-23T12:33:03,1674477183,727792383
8371400,2023-01-23T14:13:03,1674483183,727798383
8371400,2023-01-23T15:49:44,1674488984,727804184
8371400,2023-01-23T17:23:25,1674494605,727809805
8371400,2023-01-23T18:59:58,1674500398,727815598
8371400,2023-01-23T20:40:12,1674506412,727821612
8371400,2023-01-23T22:15:29,1674512129,727827329
8371400,2023-01-23T23:49:41,1674517781,727832981
8371400,2023-01-24T01:23:12,1674523392,727838592
8371400,2023-01-24T02:58:53,1674529133,727844333
8371400,2023-01-24T04:36:35,1674534995,727850195
8371400,2023-01-24T06:13:46,1674540826,727856026
8371400,2023-01-24T07:48:26,1674546506,727861706
8371400,2023-01-24T09:23:07,1674552187,727867387
8371400,2023-01-24T10:56:03,1674557763,727872963
8371400,2023-01-24T12:30:34,1674563434,727878634
8371400,2023-01-24T14:05:18,1674569118,727884318
8371400,2023-01-24T15:41:19,1674574879,727890079
8371400,2023-01-24T17:16:31,1674580591,727895791
8371400,2023-01-24T18:51:39,1674586299,727901499
8371400,2023-01-24T20:25:53,1674591953,727907153
8371400,2023-01-24T22:01:02,1674597662,727912862
8371400,2023-01-24T23:35:16,1674603316,727918516
8371400,2023-01-25T01:09:06,1674608946,727924146
8371400,2023-01-25T02:45:44,1674614744,727929944
8371400,2023-01-25T04:23:36,1674620616,727935816
8371400,2023-01-25T06:04:07,1674626647,727941847
8371400,2023-01-25T07:41:59,1674632519,727947719
8371400,2023-01-25T09:14:33,1674638073,727953273
8371400,2023-01-25T10:44:28,1674643468,727958668
8371400,2023-01-25T12:15:43,1674648943,727964143
8371400,2023-01-25T13:48:53,1674654533,727969733
8371400,2023-01-25T15:22:37,1674660157,727975357
8371400,2023-01-25T16:57:15,1674665835,727981035
8371400,2023-02-28T18:41:24,1677609684,730924884
8371400,2023-02-28T20:32:14,1677616334,730931534
8371400,2023-02-28T22:20:55,1677622855,730938055
8371400,2023-03-01T00:09:37,1677629377,730944577
8371400,2023-03-01T02:00:19,1677636019,730951219
8371400,2023-03-01T03:47:21,1677642441,730957641
8371400,2023-03-01T05:37:06,1677649026,730964226
8371400,2023-03-01T07:25:48,1677655548,730970748
8371400,2023-03-01T09:16:38,1677662198,730977398
8371400,2023-03-01T11:08:07,1677668887,730984087
8371400,2023-03-01T13:02:24,1677675744,730990944
8371400,2023-03-01T14:53:41,1677682421,730997621
8371400,2023-03-01T16:45:47,1677689147,731004347
8371400,2023-03-01T18:38:22,1677695902,731011102
8371400,2023-03-01T20:29:38,1677702578,731017778
8371400,2023-03-01T22:22:50,1677709370,731024570
8371400,2023-03-02T00:17:03,1677716223,731031423
8371400,2023-03-02T02:11:40,1677723100,731038300
8371400,2023-03-02T04:00:44,1677729644,731044844
8371400,2023-03-02T05:54:03,1677736443,731051643
8371400,2023-03-02T07:44:38,1677743078,731058278
8371400,2023-03-02T09:36:00,1677749760,731064960
8371400,2023-03-02T11:27:00,1677756420,731071620
8371400,2023-03-02T13:16:30,1677762990,731078190
8371400,2023-03-02T15:07:39,1677769659,731084859
8371400,2023-03-02T16:55:14,1677776114,731091314
8371400,2023-03-02T18:44:25,1677782665,731097865
8371400,2023-03-02T20:34:51,1677789291,731104491
8371400,2023-03-02T22:26:15,1677795975,731111175
8371400,2023-03-03T00:16:29,1677802589,731117789
8371400,2023-03-03T02:11:05,1677809465,731124665
8371400,2023-03-03T04:01:33,1677816093,731131293
8371400,2023-03-03T05:50:00,1677822600,731137800
8371400,2023-03-03T07:44:23,1677829463,731144663
8371400,2023-03-03T09:37:46,1677836266,731151466
8371400,2023-03-03T11:33:52,1677843232,731158432
8371400,2023-03-03T13:25:03,1677849903,731165103
8371400,2023-03-03T15:23:04,1677856984,731172184
8371400,2023-03-03T17:17:07,1677863827,731179027
8371400,2023-03-03T19:12:42,1677870762,731185962
8371400,2023-03-03T21:06:42,1677877602,731192802
8371400,2023-03-03T23:03:43,1677884623,731199823
8371400,2023-03-04T00:57:31,1677891451,731206651
8371400,2023-03-04T02:51:43,1677898303,731213503
8371400,2023-03-04T04:43:29,1677905009,731220209
8371400,2023-03-04T06:37:21,1677911841,731227041
8371400,2023-03-04T08:39:22,1677919162,731234362
8371400,2023-03-04T10:32:03,1677925923,731241123
8371400,2023-03-04T12:27:28,1677932848,731248048
8371400,2023-03-04T14:22:06,1677939726,731254926
8371400,2023-03-04T16:19:41,1677946781,731261981
8371400,2023-03-04T18:12:17,1677953537,731268737
8371400,2023-03-04T20:10:08,1677960608,731275808
8371400,2023-03-04T22:12:38,1677967958,731283158
8371400,2023-03-05T00:10:16,1677975016,731290216
8371400,2023-03-05T02:11:40,1677982300,731297500
8371400,2023-03-05T04:05:03,1677989103,731304303
8371400,2023-03-05T06:04:06,1677996246,731311446
8371400,2023-03-05T08:02:11,1678003331,731318531
8371400,2023-03-05T09:59:21,1678010361,731325561
8371400,2023-03-05T11:54:00,1678017240,731332440
8371400,2023-03-05T13:50:23,1678024223,731339423
8371400,2023-03-05T15:45:25,1678031125,731346325
8371400,2023-03-05T17:39:38,1678037978,731353178
8371400,2023-03-05T19:34:42,1678044882,731360082
8371400,2023-03-05T21:31:19,1678051879,731367079
8371400,2023-03-05T23:30:37,1678059037,731374237
8371400,2023-03-06T01:27:36,1678066056,731381256
8371400,2023-03-06T03:26:18,1678073178,731388378
8371400,2023-03-06T05:25:05,1678080305,731395505
8371400,2023-03-06T07:22:21,1678087341,731402541
8371400,2023-03-06T09:17:37,1678094257,731409457
8371400,2023-03-06T11:15:23,1678101323,731416523
8371400,2023-03-06T13:11:28,1678108288,731423488
8371400,2023-03-06T15:06:55,1678115215,731430415
8371400,2023-03-06T17:03:54,1678122234,731437434
8371400,2023-03-06T19:04:14,1678129454,731444654
8371400,2023-03-06T21:04:23,1678136663,731451863
8371400,2023-03-06T23:01:35,1678143695,731458895
8371400,2023-03-07T01:01:58,1678150918,731466118
8371400,2023-03-07T03:00:27,1678158027,731473227
8371400,2023-03-07T04:56:33,1678164993,731480193
8371400,2023-03-07T06:56:24,1678172184,731487384
8371400,2023-03-07T08:55:16,1678179316,731494516
8371400,2023-03-07T10:53:59,1678186439,731501639
8371400,2023-03-07T12:50:57,1678193457,731508657
8371400,2023-03-07T14:54:41,1678200881,731516081
8371400,2023-03-07T16:55:42,1678208142,731523342
8371400,2023-03-07T18:53:06,1678215186,731530386
8371400,2023-03-07T20:58:43,1678222723,731537923
8371400,2023-03-07T23:00:35,1678230035,731545235
8371400,2023-03-08T01:05:01,1678237501,731552701
8371400,2023-03-08T03:08:11,1678244891,731560091
8371400,2023-03-08T05:09:56,1678252196,731567396
8371400,2023-03-08T07:13:12,1678259592,731574792
8371400,2023-03-08T09:18:46,1678267126,731582326
8371400,2023-03-08T11:21:53,1678274513,731589713
8371400,2023-03-08T13:22:21,1678281741,731596941
8371400,2023-03-08T15:24:54,1678289094,731604294
8371400,2023-03-08T17:21:20,1678296080,731611280
8371400,2023-03-08T19:22:12,1678303332,731618532
8371400,2023-03-08T21:21:12,1678310472,731625672
8371400,2023-03-08T23:27:52,1678318072,731633272
8371400,2023-03-09T01:28:17,1678325297,731640497
8371400,2023-03-09T03:28:11,1678332491,731647691
8371400,2023-03-09T05:31:43,1678339903,731655103
8371400,2023-03-09T07:34:36,1678347276,731662476
8371400,2023-03-09T09:38:01,1678354681,731669881
8371400,2023-03-09T11:44:03,1678362243,731677443
8371400,2023-03-09T13:43:49,1678369429,731684629
8371400,2023-03-09T15:43:49,1678376629,731691829
8371400,2023-03-09T17:48:33,1678384113,731699313
8371400,2023-03-09T19:47:58,1678391278,731706478
8371400,2023-03-09T21:49:43,1678398583,731713783
8371400,2023-03-09T23:55:33,1678406133,731721333
8371400,2023-03-10T01:58:55,1678413535,731728735
8371400,2023-03-10T04:02:18,1678420938,731736138
8371400,2023-03-10T06:05:54,1678428354,731743554
8371400,2023-03-10T08:09:12,1678435752,731750952
8371400,2023-03-10T10:15:23,1678443323,731758523
8371400,2023-03-10T12:19:33,1678450773,731765973
8371400,2023-03-10T14:23:15,1678458195,731773395
8371400,2023-03-10T16:23:08,1678465388,731780588
8371400,2023-03-10T18:26:40,1678472800,731788000
8371400,2023-03-10T20:35:19,1678480519,731795719
8371400,2023-03-10T22:43:16,1678488196,731803396
8371400,2023-03-11T00:48:45,1678495725,731810925
8371400,2023-03-11T02:53:08,1678503188,731818388
8371400,2023-03-11T04:58:52,1678510732,731825932
8371400,2023-03-11T07:08:11,1678518491,731833691
8371400,2023-03-11T09:19:52,1678526392,731841592
8371400,2023-03-11T11:29:11,1678534151,731849351
8371400,2023-03-11T13:39:34,1678541974,731857174
8371400,2023-03-11T15:49:11,1678549751,731864951
8371400,2023-03-11T17:54:31,1678557271,731872471
8371400,2023-03-11T20:03:17,1678564997,731880197
8371400,2023-03-11T22:09:56,1678572596,731887796
8371400,2023-03-12T00:18:20,1678580300,731895500
8371400,2023-03-12T02:25:11,1678587911,731903111
8371400,2023-03-12T04:33:50,1678595630,731910830
8371400,2023-03-12T06:39:54,1678603194,731918394
8371400,2023-03-12T08:46:38,1678610798,731925998
8371400,2023-03-12T10:55:48,1678618548,731933748
8371400,2023-03-12T13:00:23,1678626023,731941223
8371400,2023-03-12T15:07:51,1678633671,731948871
8371400,2023-03-12T17:11:22,1678641082,731956282
8371400,2023-03-12T19:16:58,1678648618,731963818
8371400,2023-03-12T21:25:31,1678656331,731971531
8371400,2023-03-12T23:33:10,1678663990,731979190
8371400,2023-03-13T01:44:03,1678671843,731987043
8371400,2023-03-13T03:53:34,1678679614,731994814
8371400,2023-03-13T06:03:55,1678687435,732002635
8371400,2023-03-13T08:14:24,1678695264,732010464
8371400,2023-03-13T10:23:11,1678702991,732018191
8371400,2023-03-13T12:33:51,1678710831,732026031
8371400,2023-03-13T14:39:49,1678718389,732033589
8371400,2023-03-13T16:48:54,1678726134,732041334
8371400,2023-03-13T18:56:46,1678733806,732049006
8371400,2023-03-13T21:09:09,1678741749,732056949
8371400,2023-03-13T23:17:29,1678749449,732064649
8371400,2023-03-14T01:29:06,1678757346,732072546
8371400,2023-03-14T03:42:41,1678765361,732080561
8371400,2023-03-14T05:52:45,1678773165,732088365
8371400,2023-03-14T08:03:11,1678780991,732096191
8371400,2023-03-14T10:15:16,1678788916,732104116
8371400,2023-03-14T12:27:23,1678796843,732112043
8371400,2023-03-14T14:40:34,1678804834,732120034
8371400,2023-03-24T17:12:28,1679677948,732993148
8371400,2023-03-24T19:48:48,1679687328,733002528
8371400,2023-03-24T22:30:21,1679697021,733012221
8371400,2023-03-25T01:08:49,1679706529,733021729
8371400,2023-03-25T03:46:32,1679715992,733031192
8371400,2023-03-25T06:25:44,1679725544,733040744
8371400,2023-03-25T09:02:10,1679734930,733050130
8371400,2023-03-25T11:43:00,1679744580,733059780
8371400,2023-03-25T14:20:51,1679754051,733069251
8371400,2023-03-25T16:59:04,1679763544,733078744
8371400,2023-03-25T19:37:19,1679773039,733088239
8371400,2023-03-25T22:15:50,1679782550,733097750
8371400,2023-03-26T00:57:41,1679792261,733107461
8371400,2023-03-26T03:37:46,1679801866,733117066
8371400,2023-03-26T06:12:44,1679811164,733126364
8371400,2023-03-26T08:54:57,1679820897,733136097
8371400,2023-03-26T11:37:59,1679830679,733145879
8371400,2023-03-26T14:14:01,1679840041,733155241
8371400,2023-03-26T16:47:55,1679849275,733164475
8371400,2023-03-26T19:31:28,1679859088,733174288
8371400,2023-03-26T22:14:41,1679868881,733184081
8371400,2023-03-27T01:01:36,1679878896,733194096
8371400,2023-03-27T03:44:11,1679888651,733203851
8371400,2023-03-27T06:26:26,1679898386,733213586
8371400,2023-03-27T09:14:55,1679908495,733223695
8371400,2023-03-27T12:02:32,1679918552,733233752
8371400,2023-03-27T14:47:15,1679928435,733243635
8371400,2023-03-27T17:27:55,1679938075,733253275
8371400,2023-03-27T20:16:28,1679948188,733263388
8371400,2023-03-27T23:07:00,1679958420,733273620
8371400,2023-03-28T01:52:22,1679968342,733283542
8371400,2023-03-28T04:40:25,1679978425,733293625
8371400,2023-03-28T07:24:45,1679988285,733303485
8371400,2023-03-28T10:09:13,1679998153,733313353
8371400,2023-03-28T12:59:35,1680008375,733323575
8371400,2023-03-28T15:47:03,1680018423,733333623
8371400,2023-03-28T18:31:01,1680028261,733343461
8371400,2023-03-28T21:19:19,1680038359,733353559
8371400,2023-03-29T00:04:55,1680048295,733363495
8371400,2023-03-29T02:52:08,1680058328,733373528
8371400,2023-03-29T05:42:27,1680068547,733383747
8371400,2023-03-29T08:35:09,1680078909,733394109
8371400,2023-03-29T11:22:25,1680088945,733404145
8371400,2023-03-29T14:11:13,1680099073,733414273
8371400,2023-03-29T16:54:52,1680108892,733424092
8371400,2023-03-29T19:43:21,1680119001,733434201
8371400,2023-03-29T22:41:40,1680129700,733444900
8371400,2023-03-30T01:33:30,1680140010,733455210
8371400,2023-03-30T04:24:53,1680150293,733465493
8371400,2023-03-30T07:16:17,1680160577,733475777
8371400,2023-03-30T10:12:25,1680171145,733486345
8371400,2023-03-30T12:57:41,1680181061,733496261
8371400,2023-03-30T15:40:23,1680190823,733506023
8371400,2023-03-30T18:28:50,1680200930,733516130
8371400,2023-03-30T21:23:01,1680211381,733526581
8371400,2023-03-31T00:15:11,1680221711,733536911
8371400,2023-03-31T03:11:17,1680232277,733547477
8371400,2023-03-31T06:05:01,1680242701,733557901
8371400,2023-03-31T08:54:05,1680252845,733568045
8371400,2023-03-31T11:46:33,1680263193,733578393
8371400,2023-03-31T14:36:06,1680273366,733588566
8371400,2023-03-31T17:23:36,1680283416,733598616
8371400,2023-03-31T20:22:49,1680294169,733609369
8371400,2023-03-31T23:15:17,1680304517,733619717
8371400,2023-04-01T02:09:32,1680314972,733630172
8371400,2023-04-01T05:06:03,1680325563,733640763
8371400,2023-04-01T08:03:28,1680336208,733651408
8371400,2023-04-01T10:58:57,1680346737,733661937
8371400,2023-04-01T13:52:47,1680357167,733672367
8371400,2023-04-01T16:53:18,1680367998,733683198
8371400,2023-04-01T19:44:44,1680378284,733693484
8371400,2023-04-01T22:48:12,1680389292,733704492
8371400,2023-04-02T01:55:59,1680400559,733715759
8371400,2023-04-02T04:58:59,1680411539,733726739
8371400,2023-04-02T07:58:14,1680422294,733737494
8371400,2023-04-02T11:02:46,1680433366,733748566
8371400,2023-04-02T14:03:29,1680444209,733759409
8371400,2023-04-02T17:00:01,1680454801,733770001
8371400,2023-04-02T19:59:32,1680465572,733780772
8371400,2023-04-02T23:01:51,1680476511,733791711
8371400,2023-04-03T01:58:22,1680487102,733802302
8371400,2023-04-03T05:01:01,1680498061,733813261
8371400,2023-04-03T08:03:01,1680508981,733824181
8371400,2023-04-03T11:05:35,1680519935,733835135
8371400,2023-04-03T14:04:55,1680530695,733845895
8371400,2023-04-12T16:16:37,1681316197,734631397
8371400,2023-04-12T20:04:42,1681329882,734645082
8371400,2023-04-12T23:54:57,1681343697,734658897
8371400,2023-04-13T03:52:57,1681357977,734673177
8371400,2023-04-13T07:49:24,1681372164,734687364
8371400,2023-04-13T11:44:20,1681386260,734701460
8371400,2023-04-13T15:30:16,1681399816,734715016
8371400,2023-04-13T19:29:21,1681414161,734729361
8371400,2023-04-13T23:34:47,1681428887,734744087
8371400,2023-04-14T03:38:10,1681443490,734758690
8371400,2023-04-14T07:43:31,1681458211,734773411
8371400,2023-04-14T11:42:27,1681472547,734787747
8371400,2023-04-14T15:40:25,1681486825,734802025
8371400,2023-04-14T19:37:29,1681501049,734816249
8371400,2023-04-14T23:37:10,1681515430,734830630
8371400,2023-04-15T03:41:26,1681530086,734845286
8371400,2023-04-15T07:41:24,1681544484,734859684
8371400,2023-04-15T11:47:58,1681559278,734874478
8371400,2023-04-15T15:46:46,1681573606,734888806
8371400,2023-04-15T19:48:42,1681588122,734903322
8371400,2023-04-16T00:00:19,1681603219,734918419
8371400,2023-04-16T04:05:36,1681617936,734933136
8371400,2023-04-16T08:24:12,1681633452,734948652
8371400,2023-04-16T12:35:44,1681648544,734963744
8371400,2023-04-16T16:36:47,1681663007,734978207
8371400,2023-04-16T20:22:51,1681676571,734991771
8371400,2023-04-17T00:19:27,1681690767,735005967
8371400,2023-04-17T04:07:32,1681704452,735019652
8371400,2023-04-17T08:06:51,1681718811,735034011
8371400,2023-04-17T12:03:56,1681733036,735048236
8371400,2023-04-17T15:53:34,1681746814,735062014
8371400,2023-04-17T19:46:49,1681760809,735076009
8371400,2023-04-17T23:51:42,1681775502,735090702
8371400,2023-04-18T03:58:20,1681790300,735105500
8371400,2023-04-18T08:01:01,1681804861,735120061
8371400,2023-04-18T12:04:27,1681819467,735134667
8371400,2023-04-18T15:57:26,1681833446,735148646
8371400,2023-04-18T19:53:25,1681847605,735162805
8371400,2023-04-18T23:57:43,1681862263,735177463
8371400,2023-04-19T04:00:38,1681876838,735192038
8371400,2023-04-19T08:00:41,1681891241,735206441
8371400,2023-04-19T12:11:27,1681906287,735221487
8371400,2023-04-19T16:08:21,1681920501,735235701
8371400,2023-04-19T20:06:47,1681934807,735250007
8371400,2023-04-20T00:12:48,1681949568,735264768
8371400,2023-04-20T04:24:06,1681964646,735279846
8371400,2023-04-20T08:43:01,1681980181,735295381
8371400,2023-04-20T12:52:55,1681995175,735310375
8371400,2023-04-20T17:04:31,1682010271,735325471
8371400,2023-04-20T21:21:43,1682025703,735340903
8371400,2023-04-21T01:38:22,1682041102,735356302
8371400,2023-04-21T05:54:32,1682056472,735371672
8371400,2023-04-21T10:13:48,1682072028,735387228
8371400,2023-04-21T14:29:29,1682087369,735402569
8371400,2023-04-21T18:35:48,1682102148,735417348
8371400,2023-04-21T22:54:13,1682117653,735432853
8371400,2023-04-22T03:11:47,1682133107,735448307
8371400,2023-04-22T07:28:35,1682148515,735463715
8371400,2023-04-22T11:43:15,1682163795,735478995
8371400,2023-04-22T15:48:08,1682178488,735493688
8371400,2023-04-22T20:03:15,1682193795,735508995
8371400,2023-04-23T00:24:55,1682209495,735524695
8371400,2023-04-23T04:51:07,1682225467,735540667
8371400,2023-04-23T09:16:26,1682241386,735556586
8371400,2023-04-23T13:39:14,1682257154,735572354
8371400,2023-04-23T17:53:21,1682272401,735587601
8371400,2023-04-23T22:25:13,1682288713,735603913
8371400,2023-04-24T02:48:37,1682304517,735619717
8371400,2023-04-24T07:18:13,1682320693,735635893
8371400,2023-04-24T11:45:11,1682336711,735651911
8371400,2023-04-24T16:09:29,1682352569,735667769
8371400,2023-04-24T20:35:43,1682368543,735683743
8371400,2023-04-25T01:10:34,1682385034,735700234
8371400,2023-04-25T05:37:44,1682401064,735716264
8371400,2023-04-25T10:24:34,1682418274,735733474
