1641660,2023-01-10T15:10:08,1673363408,726678608
1641660,2023-01-10T15:13:41,1673363621,726678821
1641660,2023-01-13T15:34:07,1673624047,726939247
1641660,2023-01-13T15:35:31,1673624131,726939331
1641660,2023-01-13T15:39:20,1673624360,726939560
1641660,2023-01-13T15:40:00,1673624400,726939600
1641660,2023-01-13T15:40:33,1673624433,726939633
1641660,2023-01-13T15:41:06,1673624466,726939666
1641660,2023-01-13T15:41:40,1673624500,726939700
1641660,2023-01-13T15:41:51,1673624511,726939711
1641660,2023-01-13T15:42:16,1673624536,726939736
1641660,2023-01-13T15:42:36,1673624556,726939756
1641660,2023-01-13T15:43:13,1673624593,726939793
1641660,2023-01-13T15:43:24,1673624604,726939804
1641660,2023-01-13T15:43:37,1673624617,726939817
1641660,2023-01-13T15:43:48,1673624628,726939828
1641660,2023-01-13T15:44:06,1673624646,726939846
1641660,2023-01-13T15:44:26,1673624666,726939866
1641660,2023-01-13T15:44:52,1673624692,726939892
1641660,2023-01-13T15:45:14,1673624714,726939914
1641660,2023-01-13T15:45:34,1673624734,726939934
1641660,2023-01-13T15:45:49,1673624749,726939949
1641660,2023-01-13T15:46:06,1673624766,726939966
1641660,2023-01-13T15:46:17,1673624777,726939977
1641660,2023-01-13T15:46:30,1673624790,726939990
1641660,2023-01-13T15:46:43,1673624803,726940003
1641660,2023-01-13T15:46:57,1673624817,726940017
1641660,2023-01-13T15:47:08,1673624828,726940028
1641660,2023-01-13T15:47:26,1673624846,726940046
1641660,2023-01-13T15:47:38,1673624858,726940058
1641660,2023-01-13T15:47:49,1673624869,726940069
1641660,2023-01-13T15:47:58,1673624878,726940078
1641660,2023-01-13T15:48:10,1673624890,726940090
1641660,2023-01-13T15:48:16,1673624896,726940096
1641660,2023-01-13T15:48:28,1673624908,726940108
1641660,2023-01-13T15:48:40,1673624920,726940120
1641660,2023-01-13T15:48:52,1673624932,726940132
1641660,2023-01-13T15:48:58,1673624938,726940138
1641660,2023-01-13T15:49:11,1673624951,726940151
1641660,2023-01-13T15:49:19,1673624959,726940159
1641660,2023-01-13T15:49:33,1673624973,726940173
1641660,2023-01-13T15:49:40,1673624980,726940180
1641660,2023-01-13T15:49:50,1673624990,726940190
1641660,2023-01-13T15:49:57,1673624997,726940197
1641660,2023-01-13T15:50:04,1673625004,726940204
1641660,2023-01-13T15:50:10,1673625010,726940210
1641660,2023-01-13T15:50:19,1673625019,726940219
1641660,2023-01-13T15:50:25,1673625025,726940225
1641660,2023-01-13T15:50:34,1673625034,726940234
1641660,2023-01-13T15:50:39,1673625039,726940239
1641660,2023-01-13T15:50:47,1673625047,726940247
1641660,2023-01-13T15:50:53,1673625053,726940253
1641660,2023-01-13T15:51:02,1673625062,726940262
1641660,2023-01-13T15:51:09,1673625069,726940269
1641660,2023-01-13T15:51:18,1673625078,726940278
1641660,2023-01-13T15:51:24,1673625084,726940284
1641660,2023-01-13T15:51:31,1673625091,726940291
1641660,2023-01-13T15:51:37,1673625097,726940297
1641660,2023-01-13T15:51:44,1673625104,726940304
1641660,2023-01-13T15:51:51,1673625111,726940311
1641660,2023-01-13T15:51:59,1673625119,726940319
1641660,2023-01-13T15:52:05,1673625125,726940325
1641660,2023-01-13T15:52:13,1673625133,726940333
1641660,2023-01-13T15:52:20,1673625140,726940340
1641660,2023-01-13T15:52:28,1673625148,726940348
1641660,2023-01-13T15:52:35,1673625155,726940355
1641660,2023-01-13T15:52:44,1673625164,726940364
1641660,2023-01-13T15:52:52,1673625172,726940372
1641660,2023-01-13T15:53:03,1673625183,726940383
1641660,2023-01-13T15:53:12,1673625192,726940392
1641660,2023-01-13T15:53:21,1673625201,726940401
1641660,2023-01-13T15:53:30,1673625210,726940410
1641660,2023-01-13T15:53:39,1673625219,726940419
1641660,2023-01-13T15:53:46,1673625226,726940426
1641660,2023-01-13T15:53:55,1673625235,726940435
1641660,2023-01-13T15:54:03,1673625243,726940443
1641660,2023-01-13T15:54:13,1673625253,726940453
1641660,2023-01-13T15:54:21,1673625261,726940461
1641660,2023-01-13T15:54:30,1673625270,726940470
1641660,2023-01-13T15:54:38,1673625278,726940478
1641660,2023-01-13T15:54:49,1673625289,726940489
1641660,2023-01-13T15:54:58,1673625298,726940498
1641660,2023-01-13T15:55:09,1673625309,726940509
1641660,2023-01-13T15:55:22,1673625322,726940522
1641660,2023-01-13T15:55:33,1673625333,726940533
1641660,2023-01-13T15:55:44,1673625344,726940544
1641660,2023-01-13T15:55:59,1673625359,726940559
1641660,2023-01-13T15:56:13,1673625373,726940573
1641660,2023-01-13T15:56:30,1673625390,726940590
1641660,2023-01-13T15:56:46,1673625406,726940606
1641660,2023-01-13T15:57:11,1673625431,726940631
1641660,2023-01-13T15:57:29,1673625449,726940649
1641660,2023-01-13T15:58:02,1673625482,726940682
1641660,2023-01-13T15:58:27,1673625507,726940707
1641660,2023-01-13T15:59:05,1673625545,726940745
1641660,2023-01-13T16:00:01,1673625601,726940801
1641660,2023-01-13T16:00:57,1673625657,726940857
1641660,2023-01-13T16:01:37,1673625697,726940897
1641660,2023-01-13T16:02:53,1673625773,726940973
1641660,2023-01-13T16:04:10,1673625850,726941050
1641660,2023-01-13T16:06:28,1673625988,726941188
1641660,2023-01-13T16:08:24,1673626104,726941304
1641660,2023-01-14T10:37:34,1673692654,727007854
1641660,2023-01-18T17:58:37,1674064717,727379917
1641660,2023-01-18T18:00:44,1674064844,727380044
1641660,2023-01-18T18:03:03,1674064983,727380183
1641660,2023-01-18T18:43:53,1674067433,727382633
1641660,2023-01-18T18:44:09,1674067449,727382649
1641660,2023-01-18T18:44:37,1674067477,727382677
1641660,2023-01-18T18:45:38,1674067538,727382738
1641660,2023-01-18T18:50:38,1674067838,727383038
1641660,2023-01-19T02:36:47,1674095807,727411007
1641660,2023-01-23T17:40:03,1674495603,727810803
1641660,2023-01-23T17:41:30,1674495690,727810890
1641660,2023-01-23T17:44:18,1674495858,727811058
1641660,2023-01-23T17:47:04,1674496024,727811224
1641660,2023-01-23T17:50:35,1674496235,727811435
1641660,2023-01-23T18:38:16,1674499096,727814296
1641660,2023-01-23T18:44:27,1674499467,727814667
1641660,2023-01-23T18:50:13,1674499813,727815013
1641660,2023-01-23T19:17:49,1674501469,727816669
1641660,2023-01-23T19:23:06,1674501786,727816986
1641660,2023-01-23T19:25:41,1674501941,727817141
1641660,2023-01-23T19:27:48,1674502068,727817268
1641660,2023-01-23T19:44:29,1674503069,727818269
1641660,2023-01-23T19:48:05,1674503285,727818485
1641660,2023-01-24T19:44:21,1674589461,727904661
1641660,2023-01-24T19:45:28,1674589528,727904728
1641660,2023-01-24T19:46:47,1674589607,727904807
1641660,2023-01-24T19:47:17,1674589637,727904837
1641660,2023-01-24T19:47:45,1674589665,727904865
1641660,2023-01-24T19:48:00,1674589680,727904880
1641660,2023-01-24T19:48:17,1674589697,727904897
1641660,2023-01-24T19:48:27,1674589707,727904907
1641660,2023-01-24T19:48:46,1674589726,727904926
1641660,2023-01-24T19:48:56,1674589736,727904936
1641660,2023-01-24T19:49:09,1674589749,727904949
1641660,2023-01-24T19:49:19,1674589759,727904959
1641660,2023-01-24T19:49:30,1674589770,727904970
1641660,2023-01-24T19:49:37,1674589777,727904977
1641660,2023-01-24T19:49:47,1674589787,727904987
1641660,2023-01-24T19:49:56,1674589796,727904996
1641660,2023-01-24T19:50:07,1674589807,727905007
1641660,2023-01-24T19:50:17,1674589817,727905017
1641660,2023-01-24T19:50:29,1674589829,727905029
1641660,2023-01-24T19:50:38,1674589838,727905038
1641660,2023-01-24T19:50:49,1674589849,727905049
1641660,2023-01-24T19:50:57,1674589857,727905057
1641660,2023-01-24T19:51:05,1674589865,727905065
1641660,2023-01-24T19:51:14,1674589874,727905074
1641660,2023-01-24T19:51:26,1674589886,727905086
1641660,2023-01-24T19:51:37,1674589897,727905097
1641660,2023-01-24T19:51:56,1674589916,727905116
1641660,2023-01-24T19:53:58,1674590038,727905238
1641660,2023-01-24T19:54:17,1674590057,727905257
1641660,2023-01-24T19:54:41,1674590081,727905281
1641660,2023-01-24T19:55:55,1674590155,727905355
1641660,2023-01-24T22:02:30,1674597750,727912950
1641660,2023-01-25T09:46:05,1674639965,727955165
1641660,2023-01-25T14:09:54,1674655794,727970994
1641660,2023-01-25T14:10:49,1674655849,727971049
1641660,2023-01-25T14:11:38,1674655898,727971098
1641660,2023-01-25T14:13:23,1674656003,727971203
1641660,2023-01-25T14:14:14,1674656054,727971254
1641660,2023-01-25T14:14:51,1674656091,727971291
1641660,2023-01-25T14:15:17,1674656117,727971317
1641660,2023-01-25T14:15:52,1674656152,727971352
1641660,2023-01-25T14:16:20,1674656180,727971380
1641660,2023-01-25T14:16:59,1674656219,727971419
1641660,2023-01-25T14:17:17,1674656237,727971437
1641660,2023-01-25T14:17:38,1674656258,727971458
1641660,2023-01-25T14:18:02,1674656282,727971482
1641660,2023-01-25T14:18:37,1674656317,727971517
1641660,2023-01-25T14:19:17,1674656357,727971557
1641660,2023-01-25T14:20:15,1674656415,727971615
1641660,2023-01-25T14:20:46,1674656446,727971646
1641660,2023-01-25T14:21:13,1674656473,727971673
1641660,2023-01-25T14:21:33,1674656493,727971693
1641660,2023-01-25T14:21:58,1674656518,727971718
1641660,2023-01-25T14:22:26,1674656546,727971746
1641660,2023-01-25T14:23:00,1674656580,727971780
1641660,2023-01-25T14:23:34,1674656614,727971814
1641660,2023-01-25T14:24:41,1674656681,727971881
1641660,2023-01-25T14:25:41,1674656741,727971941
1641660,2023-01-25T14:27:11,1674656831,727972031
1641660,2023-01-25T14:29:15,1674656955,727972155
1641660,2023-01-25T14:37:01,1674657421,727972621
1641660,2023-01-25T17:34:41,1674668081,727983281
1641660,2023-01-25T17:37:35,1674668255,727983455
1641660,2023-01-25T17:38:35,1674668315,727983515
1641660,2023-01-25T17:41:01,1674668461,727983661
1641660,2023-01-25T17:44:04,1674668644,727983844
1641660,2023-02-11T18:38:38,1676140718,729455918
1641660,2023-02-12T20:42:39,1676234559,729549759
1641660,2023-02-12T20:43:44,1676234624,729549824
1641660,2023-02-12T20:44:55,1676234695,729549895
1641660,2023-02-12T20:45:29,1676234729,729549929
1641660,2023-02-12T20:46:02,1676234762,729549962
1641660,2023-02-12T20:46:18,1676234778,729549978
1641660,2023-02-12T20:46:40,1676234800,729550000
1641660,2023-02-12T20:47:28,1676234848,729550048
1641660,2023-02-12T20:48:47,1676234927,729550127
1641660,2023-02-12T20:49:10,1676234950,729550150
1641660,2023-02-12T21:41:11,1676238071,729553271
1641660,2023-02-13T04:14:16,1676261656,729576856
1641660,2023-02-18T19:33:30,1676748810,730064010
1641660,2023-02-18T19:33:43,1676748823,730064023
1641660,2023-02-18T19:34:07,1676748847,730064047
1641660,2023-02-18T19:34:23,1676748863,730064063
1641660,2023-02-18T19:34:47,1676748887,730064087
1641660,2023-02-18T19:35:10,1676748910,730064110
1641660,2023-02-18T19:35:36,1676748936,730064136
1641660,2023-02-18T19:35:55,1676748955,730064155
1641660,2023-02-18T19:36:22,1676748982,730064182
1641660,2023-02-18T19:36:40,1676749000,730064200
1641660,2023-02-18T19:37:11,1676749031,730064231
1641660,2023-02-18T19:37:36,1676749056,730064256
1641660,2023-02-18T19:38:14,1676749094,730064294
1641660,2023-02-18T19:38:36,1676749116,730064316
1641660,2023-02-18T19:39:14,1676749154,730064354
1641660,2023-02-18T19:39:36,1676749176,730064376
1641660,2023-02-18T19:40:06,1676749206,730064406
1641660,2023-02-18T19:40:23,1676749223,730064423
1641660,2023-02-18T19:40:51,1676749251,730064451
1641660,2023-02-18T19:41:13,1676749273,730064473
1641660,2023-02-18T19:41:48,1676749308,730064508
1641660,2023-02-18T19:42:11,1676749331,730064531
1641660,2023-02-18T19:42:59,1676749379,730064579
1641660,2023-02-18T19:43:53,1676749433,730064633
1641660,2023-02-18T19:46:17,1676749577,730064777
1641660,2023-02-18T20:15:48,1676751348,730066548
1641660,2023-02-18T20:21:52,1676751712,730066912
1641660,2023-02-18T20:22:43,1676751763,730066963
1641660,2023-02-18T20:23:54,1676751834,730067034
1641660,2023-02-18T20:24:27,1676751867,730067067
1641660,2023-02-18T20:25:25,1676751925,730067125
1641660,2023-02-18T20:25:53,1676751953,730067153
1641660,2023-02-18T20:27:07,1676752027,730067227
1641660,2023-02-18T20:27:43,1676752063,730067263
1641660,2023-02-18T20:29:10,1676752150,730067350
1641660,2023-02-18T20:29:55,1676752195,730067395
1641660,2023-02-18T20:31:12,1676752272,730067472
1641660,2023-02-18T20:32:21,1676752341,730067541
1641660,2023-02-18T20:34:53,1676752493,730067693
1641660,2023-02-18T20:36:38,1676752598,730067798
1641660,2023-02-18T20:40:16,1676752816,730068016
1641660,2023-02-18T20:43:56,1676753036,730068236
1641660,2023-02-18T20:57:04,1676753824,730069024
1641660,2023-02-18T21:04:07,1676754247,730069447
1641660,2023-02-18T21:14:31,1676754871,730070071
1641660,2023-02-18T21:27:37,1676755657,730070857
1641660,2023-02-18T22:41:36,1676760096,730075296
1641660,2023-02-19T00:06:12,1676765172,730080372
1641660,2023-03-01T18:33:48,1677695628,731010828
1641660,2023-03-02T07:56:18,1677743778,731058978
1641660,2023-03-03T09:28:00,1677835680,731150880
1641660,2023-03-30T19:01:42,1680202902,733518102
1641660,2023-03-30T19:02:11,1680202931,733518131
1641660,2023-03-30T19:02:41,1680202961,733518161
1641660,2023-03-30T19:03:04,1680202984,733518184
1641660,2023-03-30T19:03:23,1680203003,733518203
1641660,2023-03-30T19:03:34,1680203014,733518214
1641660,2023-03-30T19:03:51,1680203031,733518231
1641660,2023-03-30T19:04:06,1680203046,733518246
1641660,2023-03-30T19:04:26,1680203066,733518266
1641660,2023-03-30T19:04:38,1680203078,733518278
1641660,2023-03-30T19:04:58,1680203098,733518298
1641660,2023-03-30T19:05:12,1680203112,733518312
1641660,2023-03-30T19:05:33,1680203133,733518333
1641660,2023-03-30T19:05:48,1680203148,733518348
1641660,2023-03-30T19:06:26,1680203186,733518386
1641660,2023-03-30T19:06:45,1680203205,733518405
1641660,2023-03-30T19:07:12,1680203232,733518432
1641660,2023-03-30T19:07:26,1680203246,733518446
1641660,2023-03-30T19:07:48,1680203268,733518468
1641660,2023-03-30T19:08:05,1680203285,733518485
1641660,2023-03-30T19:08:25,1680203305,733518505
1641660,2023-03-30T19:08:42,1680203322,733518522
1641660,2023-03-30T19:09:06,1680203346,733518546
1641660,2023-03-30T19:09:25,1680203365,733518565
1641660,2023-03-30T19:09:57,1680203397,733518597
1641660,2023-03-30T19:10:18,1680203418,733518618
1641660,2023-03-30T19:10:40,1680203440,733518640
1641660,2023-03-30T19:10:56,1680203456,733518656
1641660,2023-03-30T19:11:31,1680203491,733518691
1641660,2023-03-30T19:11:53,1680203513,733518713
1641660,2023-03-30T19:12:20,1680203540,733518740
1641660,2023-03-30T19:12:43,1680203563,733518763
1641660,2023-03-30T19:13:10,1680203590,733518790
1641660,2023-03-30T19:13:30,1680203610,733518810
1641660,2023-03-30T19:14:00,1680203640,733518840
1641660,2023-03-30T19:14:21,1680203661,733518861
1641660,2023-03-30T19:15:02,1680203702,733518902
1641660,2023-03-30T19:15:29,1680203729,733518929
1641660,2023-03-30T19:16:28,1680203788,733518988
1641660,2023-03-30T19:17:34,1680203854,733519054
1641660,2023-03-30T19:19:44,1680203984,733519184
1641660,2023-03-30T19:21:43,1680204103,733519303
1641660,2023-03-31T01:20:22,1680225622,733540822
1641660,2023-03-31T07:02:23,1680246143,733561343
1641660,2023-04-22T16:07:43,1682179663,735494863
1641660,2023-04-22T16:14:18,1682180058,735495258
1641660,2023-04-22T16:14:58,1682180098,735495298
1641660,2023-04-22T16:15:21,1682180121,735495321
1641660,2023-04-22T16:15:38,1682180138,735495338
1641660,2023-04-22T16:15:55,1682180155,735495355
1641660,2023-04-22T16:16:09,1682180169,735495369
1641660,2023-04-22T16:16:31,1682180191,735495391
1641660,2023-04-22T16:17:04,1682180224,735495424
1641660,2023-04-22T16:17:46,1682180266,735495466
1641660,2023-04-22T16:18:32,1682180312,735495512
1641660,2023-04-22T16:19:33,1682180373,735495573
1641660,2023-04-22T16:20:38,1682180438,735495638
1641660,2023-04-22T16:21:37,1682180497,735495697
1641660,2023-04-22T16:22:11,1682180531,735495731
1641660,2023-04-22T16:23:04,1682180584,735495784
1641660,2023-04-22T16:23:36,1682180616,735495816
1641660,2023-04-22T16:24:08,1682180648,735495848
1641660,2023-04-22T16:24:33,1682180673,735495873
1641660,2023-04-22T16:24:57,1682180697,735495897
1641660,2023-04-22T16:25:14,1682180714,735495914
1641660,2023-04-22T16:25:36,1682180736,735495936
1641660,2023-04-22T16:25:53,1682180753,735495953
1641660,2023-04-22T16:26:20,1682180780,735495980
1641660,2023-04-22T16:26:48,1682180808,735496008
1641660,2023-04-22T16:27:25,1682180845,735496045
1641660,2023-04-22T16:27:43,1682180863,735496063
1641660,2023-04-22T16:28:14,1682180894,735496094
1641660,2023-04-22T16:28:39,1682180919,735496119
1641660,2023-04-22T16:29:06,1682180946,735496146
1641660,2023-04-22T16:29:29,1682180969,735496169
1641660,2023-04-22T16:29:59,1682180999,735496199
1641660,2023-04-22T16:30:33,1682181033,735496233
1641660,2023-04-22T16:31:36,1682181096,735496296
1641660,2023-04-22T16:32:17,1682181137,735496337
1641660,2023-04-22T16:33:16,1682181196,735496396
1641660,2023-04-22T16:33:52,1682181232,735496432
1641660,2023-04-22T16:34:31,1682181271,735496471
1641660,2023-04-22T16:34:58,1682181298,735496498
1641660,2023-04-22T16:35:25,1682181325,735496525
1641660,2023-04-22T16:35:57,1682181357,735496557
1641660,2023-04-22T16:36:23,1682181383,735496583
1641660,2023-04-22T16:36:45,1682181405,735496605
1641660,2023-04-22T16:37:15,1682181435,735496635
1641660,2023-04-22T16:37:37,1682181457,735496657
1641660,2023-04-22T16:38:10,1682181490,735496690
1641660,2023-04-22T16:38:36,1682181516,735496716
1641660,2023-04-22T16:39:05,1682181545,735496745
1641660,2023-04-22T16:39:29,1682181569,735496769
1641660,2023-04-22T16:40:03,1682181603,735496803
1641660,2023-04-22T16:40:33,1682181633,735496833
1641660,2023-04-22T16:41:15,1682181675,735496875
1641660,2023-04-22T16:41:50,1682181710,735496910
1641660,2023-04-22T16:42:34,1682181754,735496954
1641660,2023-04-22T16:43:25,1682181805,735497005
1641660,2023-04-22T16:44:21,1682181861,735497061
1641660,2023-04-22T16:45:07,1682181907,735497107
1641660,2023-04-22T16:46:28,1682181988,735497188
1641660,2023-04-22T16:47:23,1682182043,735497243
1641660,2023-04-22T16:48:53,1682182133,735497333
1641660,2023-04-22T16:50:06,1682182206,735497406
1641660,2023-04-22T16:51:41,1682182301,735497501
1641660,2023-04-22T16:53:02,1682182382,735497582
1641660,2023-04-22T16:55:06,1682182506,735497706
1641660,2023-04-22T16:56:54,1682182614,735497814
1641660,2023-04-22T16:59:51,1682182791,735497991
1641660,2023-04-22T17:03:19,1682182999,735498199
1641660,2023-04-22T22:34:07,1682202847,735518047
1641660,2023-04-23T03:45:37,1682221537,735536737
1641660,2023-04-23T16:38:22,1682267902,735583102
1641660,2023-04-23T16:39:49,1682267989,735583189
1641660,2023-04-23T16:41:19,1682268079,735583279
1641660,2023-04-23T16:42:45,1682268165,735583365
1641660,2023-04-23T16:43:44,1682268224,735583424
1641660,2023-04-23T16:44:12,1682268252,735583452
1641660,2023-04-23T16:44:44,1682268284,735583484
1641660,2023-04-23T16:45:03,1682268303,735583503
1641660,2023-04-23T16:45:55,1682268355,735583555
1641660,2023-04-23T16:46:55,1682268415,735583615
1641660,2023-04-23T16:48:06,1682268486,735583686
1641660,2023-04-23T16:48:36,1682268516,735583716
1641660,2023-04-23T16:49:27,1682268567,735583767
1641660,2023-04-23T16:49:54,1682268594,735583794
1641660,2023-04-23T16:50:41,1682268641,735583841
1641660,2023-04-23T16:51:21,1682268681,735583881
1641660,2023-04-23T16:52:11,1682268731,735583931
1641660,2023-04-23T16:52:52,1682268772,735583972
1641660,2023-04-23T16:53:38,1682268818,735584018
1641660,2023-04-23T16:54:13,1682268853,735584053
1641660,2023-04-23T16:55:08,1682268908,735584108
1641660,2023-04-23T16:55:44,1682268944,735584144
1641660,2023-04-23T16:56:34,1682268994,735584194
1641660,2023-04-23T16:57:10,1682269030,735584230
1641660,2023-04-23T16:58:15,1682269095,735584295
1641660,2023-04-23T16:58:58,1682269138,735584338
1641660,2023-04-23T17:00:34,1682269234,735584434
1641660,2023-04-23T17:01:52,1682269312,735584512
1641660,2023-04-23T17:03:26,1682269406,735584606
1641660,2023-04-23T17:04:51,1682269491,735584691
1641660,2023-04-23T17:06:51,1682269611,735584811
1641660,2023-04-23T17:08:31,1682269711,735584911
1641660,2023-04-23T17:10:36,1682269836,735585036
1641660,2023-04-23T17:12:06,1682269926,735585126
1641660,2023-04-23T17:15:15,1682270115,735585315
1641660,2023-04-23T17:20:12,1682270412,735585612
1641660,2023-04-23T18:02:16,1682272936,735588136
1641660,2023-04-23T18:12:13,1682273533,735588733
1641660,2023-04-23T18:30:13,1682274613,735589813
1641660,2023-04-23T18:35:26,1682274926,735590126
1641660,2023-04-23T18:50:19,1682275819,735591019
1641660,2023-04-23T19:59:42,1682279982,735595182
1641660,2023-04-24T11:28:26,1682335706,735650906
1641660,2023-04-24T15:34:14,1682350454,735665654
1641660,2023-04-24T15:36:08,1682350568,735665768
1641660,2023-04-24T15:36:31,1682350591,735665791
1641660,2023-04-24T15:37:21,1682350641,735665841
1641660,2023-04-24T15:38:02,1682350682,735665882
1641660,2023-04-24T15:38:23,1682350703,735665903
1641660,2023-04-24T15:38:36,1682350716,735665916
1641660,2023-04-24T15:38:52,1682350732,735665932
1641660,2023-04-24T15:39:04,1682350744,735665944
1641660,2023-04-24T15:39:16,1682350756,735665956
1641660,2023-04-24T15:39:26,1682350766,735665966
1641660,2023-04-24T15:39:37,1682350777,735665977
1641660,2023-04-24T15:39:51,1682350791,735665991
1641660,2023-04-24T15:40:00,1682350800,735666000
1641660,2023-04-24T15:40:07,1682350807,735666007
1641660,2023-04-24T15:40:20,1682350820,735666020
1641660,2023-04-24T15:40:39,1682350839,735666039
1641660,2023-04-24T15:41:20,1682350880,735666080
1641660,2023-04-24T15:41:43,1682350903,735666103
1641660,2023-04-24T15:42:19,1682350939,735666139
1641660,2023-04-24T15:42:42,1682350962,735666162
1641660,2023-04-24T15:44:18,1682351058,735666258
1641660,2023-04-24T17:46:21,1682358381,735673581
1641660,2023-04-24T18:12:51,1682359971,735675171
1641660,2023-04-24T18:31:02,1682361062,735676262
1641660,2023-04-24T18:59:42,1682362782,735677982
1641660,2023-04-24T23:43:34,1682379814,735695014
1641660,2023-04-25T05:56:34,1682402194,735717394
