11822844,2023-11-03T09:18:57,1699003137,752318337,32.90,72.01
11822844,2023-11-03T11:08:15,1699009695,752324895,27.03,95.31
11822844,2023-11-03T11:09:27,1699009767,752324967,27.11,95.87
11822844,2023-11-03T11:09:54,1699009794,752324994,26.99,95.94
11822844,2023-11-03T11:10:11,1699009811,752325011,26.97,97.17
11822844,2023-11-03T11:10:35,1699009835,752325035,26.92,98.12
11822844,2023-11-03T11:11:07,1699009867,752325067,26.70,97.46
11822844,2023-11-03T11:11:38,1699009898,752325098,26.41,98.14
11822844,2023-11-03T11:12:32,1699009952,752325152,26.23,99.31
11822844,2023-11-03T11:13:14,1699009994,752325194,26.25,100.00
11822844,2023-11-03T11:13:33,1699010013,752325213,26.31,100.00
11822844,2023-11-03T11:13:51,1699010031,752325231,26.32,100.00
11822844,2023-11-03T11:14:15,1699010055,752325255,26.30,100.00
11822844,2023-11-03T11:14:45,1699010085,752325285,26.26,100.00
11822844,2023-11-03T11:15:23,1699010123,752325323,25.87,100.00
11822844,2023-11-03T11:15:52,1699010152,752325352,25.61,100.00
11822844,2023-11-03T11:16:07,1699010167,752325367,25.52,100.00
11822844,2023-11-03T11:16:23,1699010183,752325383,25.47,100.00
11822844,2023-11-03T11:16:38,1699010198,752325398,25.50,100.00
11822844,2023-11-03T11:16:52,1699010212,752325412,25.54,100.00
11822844,2023-11-03T11:17:12,1699010232,752325432,25.55,100.00
11822844,2023-11-03T11:17:44,1699010264,752325464,25.65,100.00
11822844,2023-11-03T11:18:28,1699010308,752325508,25.84,100.00
11822844,2023-11-03T11:19:16,1699010356,752325556,25.87,100.00
11822844,2023-11-03T11:19:48,1699010388,752325588,25.94,100.00
11822844,2023-11-03T11:20:20,1699010420,752325620,25.98,100.00
11822844,2023-11-03T11:20:43,1699010443,752325643,26.02,100.00
11822844,2023-11-03T11:20:56,1699010456,752325656,26.04,100.00
11822844,2023-11-03T11:21:11,1699010471,752325671,26.07,100.00
11822844,2023-11-03T11:21:27,1699010487,752325687,26.02,100.00
11822844,2023-11-03T11:21:47,1699010507,752325707,25.92,100.00
11822844,2023-11-03T11:22:11,1699010531,752325731,25.88,100.00
11822844,2023-11-03T11:22:35,1699010555,752325755,25.90,100.00
11822844,2023-11-03T11:23:01,1699010581,752325781,25.96,100.00
11822844,2023-11-03T11:23:24,1699010604,752325804,26.00,100.00
11822844,2023-11-03T11:23:52,1699010632,752325832,26.06,100.00
11822844,2023-11-03T11:24:41,1699010681,752325881,25.95,100.00
11822844,2023-11-03T11:28:46,1699010926,752326126,26.24,100.00
11822844,2023-11-04T08:58:35,1699088315,752403515,28.80,88.06
11822844,2023-11-04T09:01:30,1699088490,752403690,28.68,91.96
11822844,2023-11-04T09:04:35,1699088675,752403875,28.48,93.07
11822844,2023-11-04T09:05:26,1699088726,752403926,28.46,94.66
11822844,2023-11-04T09:08:02,1699088882,752404082,28.06,94.69
11822844,2023-11-04T09:08:51,1699088931,752404131,27.92,96.28
11822844,2023-11-04T09:09:16,1699088956,752404156,27.86,97.76
11822844,2023-11-04T09:09:37,1699088977,752404177,27.77,98.77
11822844,2023-11-04T09:09:51,1699088991,752404191,27.74,99.47
11822844,2023-11-04T09:10:07,1699089007,752404207,27.73,100.00
11822844,2023-11-04T09:10:27,1699089027,752404227,27.70,100.00
11822844,2023-11-04T09:10:46,1699089046,752404246,27.67,100.00
11822844,2023-11-04T09:11:07,1699089067,752404267,27.61,100.00
11822844,2023-11-04T09:11:28,1699089088,752404288,27.58,100.00
11822844,2023-11-04T09:11:53,1699089113,752404313,27.51,100.00
11822844,2023-11-04T09:12:06,1699089126,752404326,27.34,100.00
11822844,2023-11-04T09:12:16,1699089136,752404336,27.21,100.00
11822844,2023-11-04T09:12:27,1699089147,752404347,27.20,100.00
11822844,2023-11-04T09:12:36,1699089156,752404356,27.19,100.00
11822844,2023-11-04T09:12:48,1699089168,752404368,27.17,100.00
11822844,2023-11-04T09:13:02,1699089182,752404382,27.17,100.00
11822844,2023-11-04T09:13:15,1699089195,752404395,27.18,100.00
11822844,2023-11-04T09:13:29,1699089209,752404409,27.17,100.00
11822844,2023-11-04T09:13:44,1699089224,752404424,27.13,100.00
11822844,2023-11-04T09:13:58,1699089238,752404438,27.12,100.00
11822844,2023-11-04T09:14:10,1699089250,752404450,27.09,100.00
11822844,2023-11-04T09:14:25,1699089265,752404465,27.10,100.00
11822844,2023-11-04T09:14:40,1699089280,752404480,27.01,100.00
11822844,2023-11-04T09:14:53,1699089293,752404493,26.93,100.00
11822844,2023-11-04T09:15:04,1699089304,752404504,26.88,100.00
11822844,2023-11-04T09:15:15,1699089315,752404515,26.85,100.00
11822844,2023-11-04T09:15:27,1699089327,752404527,26.79,100.00
11822844,2023-11-04T09:15:39,1699089339,752404539,26.73,100.00
11822844,2023-11-04T09:15:49,1699089349,752404549,26.71,100.00
11822844,2023-11-04T09:16:00,1699089360,752404560,26.65,100.00
11822844,2023-11-04T09:16:12,1699089372,752404572,26.62,100.00
11822844,2023-11-04T09:16:24,1699089384,752404584,26.57,100.00
11822844,2023-11-04T09:16:36,1699089396,752404596,26.55,100.00
11822844,2023-11-04T09:16:49,1699089409,752404609,26.52,100.00
11822844,2023-11-04T09:17:02,1699089422,752404622,26.47,100.00
11822844,2023-11-04T09:17:16,1699089436,752404636,26.35,100.00
11822844,2023-11-04T09:17:28,1699089448,752404648,26.19,100.00
11822844,2023-11-04T09:17:43,1699089463,752404663,26.11,100.00
11822844,2023-11-04T09:17:58,1699089478,752404678,26.11,100.00
11822844,2023-11-04T09:18:13,1699089493,752404693,26.14,100.00
11822844,2023-11-04T09:18:29,1699089509,752404709,26.13,100.00
11822844,2023-11-04T09:18:46,1699089526,752404726,26.11,100.00
11822844,2023-11-04T09:19:07,1699089547,752404747,26.01,100.00
11822844,2023-11-04T09:19:37,1699089577,752404777,26.00,100.00
11822844,2023-11-04T09:20:22,1699089622,752404822,26.06,100.00
11822844,2023-11-04T09:20:54,1699089654,752404854,26.13,100.00
11822844,2023-11-04T09:35:14,1699090514,752405714,25.75,100.00
11822844,2023-11-04T10:02:07,1699092127,752407327,26.20,100.00
11822844,2023-11-04T10:03:16,1699092196,752407396,26.21,100.00
11822844,2023-11-04T10:03:57,1699092237,752407437,26.24,100.00
11822844,2023-11-04T10:04:29,1699092269,752407469,26.26,100.00
11822844,2023-11-04T10:05:02,1699092302,752407502,26.24,100.00
11822844,2023-11-04T10:05:55,1699092355,752407555,26.20,100.00
11822844,2023-11-04T10:07:08,1699092428,752407628,26.14,100.00
11822844,2023-11-04T10:09:13,1699092553,752407753,26.15,100.00
11822844,2023-11-04T10:16:04,1699092964,752408164,25.83,100.00
11822844,2023-11-05T07:37:07,1699169827,752485027,64.97,76.44
11822844,2023-11-05T07:38:17,1699169897,752485097,64.84,80.03
11822844,2023-11-05T07:39:04,1699169944,752485144,64.76,80.59
11822844,2023-11-05T07:39:19,1699169959,752485159,64.52,87.12
11822844,2023-11-05T07:39:37,1699169977,752485177,64.09,91.92
11822844,2023-11-05T07:39:51,1699169991,752485191,64.21,93.38
11822844,2023-11-05T07:40:14,1699170014,752485214,64.27,93.23
11822844,2023-11-05T07:40:38,1699170038,752485238,62.58,91.75
11822844,2023-11-05T07:40:58,1699170058,752485258,62.93,93.06
11822844,2023-11-05T07:41:33,1699170093,752485293,62.12,93.38
11822844,2023-11-05T07:42:08,1699170128,752485328,61.49,96.42
11822844,2023-11-05T07:42:48,1699170168,752485368,61.96,98.75
11822844,2023-11-05T07:43:33,1699170213,752485413,61.96,99.13
11822844,2023-11-05T07:44:38,1699170278,752485478,61.00,99.47
11822844,2023-11-05T07:46:46,1699170406,752485606,61.14,99.57
11822844,2023-11-05T07:50:06,1699170606,752485806,60.65,100.00
11822844,2023-11-05T07:50:58,1699170658,752485858,60.84,100.00
11822844,2023-11-05T07:51:42,1699170702,752485902,61.00,100.00
11822844,2023-11-05T07:52:00,1699170720,752485920,60.57,100.00
11822844,2023-11-05T07:52:20,1699170740,752485940,61.51,100.00
11822844,2023-11-05T07:52:56,1699170776,752485976,60.34,100.00
11822844,2023-11-05T07:53:15,1699170795,752485995,60.85,100.00
11822844,2023-11-05T07:53:27,1699170807,752486007,60.04,100.00
11822844,2023-11-05T07:53:35,1699170815,752486015,59.82,100.00
11822844,2023-11-05T07:53:45,1699170825,752486025,59.86,100.00
11822844,2023-11-05T07:53:53,1699170833,752486033,59.70,100.00
11822844,2023-11-05T07:54:02,1699170842,752486042,59.90,100.00
11822844,2023-11-05T07:54:14,1699170854,752486054,59.30,100.00
11822844,2023-11-05T07:54:26,1699170866,752486066,60.12,100.00
11822844,2023-11-05T07:54:41,1699170881,752486081,60.07,100.00
11822844,2023-11-05T07:54:58,1699170898,752486098,59.37,100.00
11822844,2023-11-05T07:55:20,1699170920,752486120,60.17,100.00
11822844,2023-11-05T07:55:57,1699170957,752486157,58.40,100.00
11822844,2023-11-05T07:56:09,1699170969,752486169,58.34,100.00
11822844,2023-11-05T07:56:18,1699170978,752486178,57.39,100.00
11822844,2023-11-05T07:56:31,1699170991,752486191,57.57,100.00
11822844,2023-11-05T07:56:46,1699171006,752486206,57.71,100.00
11822844,2023-11-05T07:57:01,1699171021,752486221,57.76,100.00
11822844,2023-11-05T07:57:19,1699171039,752486239,58.31,100.00
11822844,2023-11-05T07:57:46,1699171066,752486266,57.51,100.00
11822844,2023-11-05T08:23:03,1699172583,752487783,59.58,100.00
11822844,2023-11-05T08:53:38,1699174418,752489618,59.36,100.00
11822844,2023-11-05T08:55:46,1699174546,752489746,59.85,100.00
11822844,2023-11-05T08:57:41,1699174661,752489861,59.59,100.00
11822844,2023-11-05T09:00:19,1699174819,752490019,59.94,100.00
11822844,2023-11-05T09:00:56,1699174856,752490056,60.16,100.00
11822844,2023-11-05T09:01:19,1699174879,752490079,59.97,100.00
11822844,2023-11-05T09:01:39,1699174899,752490099,60.56,100.00
11822844,2023-11-05T09:01:55,1699174915,752490115,59.59,100.00
11822844,2023-11-05T09:02:14,1699174934,752490134,59.52,100.00
11822844,2023-11-05T09:02:32,1699174952,752490152,59.28,100.00
11822844,2023-11-05T09:02:49,1699174969,752490169,59.75,100.00
11822844,2023-11-05T09:03:08,1699174988,752490188,59.36,100.00
11822844,2023-11-05T09:03:25,1699175005,752490205,60.26,100.00
11822844,2023-11-05T09:03:39,1699175019,752490219,59.69,100.00
11822844,2023-11-05T09:03:51,1699175031,752490231,59.50,100.00
11822844,2023-11-05T09:04:05,1699175045,752490245,59.55,100.00
11822844,2023-11-05T09:04:16,1699175056,752490256,59.72,100.00
11822844,2023-11-05T09:04:29,1699175069,752490269,59.80,100.00
11822844,2023-11-05T09:04:44,1699175084,752490284,59.88,100.00
11822844,2023-11-05T09:04:59,1699175099,752490299,60.41,100.00
11822844,2023-11-05T09:05:15,1699175115,752490315,60.06,100.00
11822844,2023-11-05T09:05:33,1699175133,752490333,61.19,100.00
11822844,2023-11-05T09:05:49,1699175149,752490349,61.09,100.00
11822844,2023-11-05T09:06:06,1699175166,752490366,60.98,100.00
11822844,2023-11-05T09:06:25,1699175185,752490385,60.25,100.00
11822844,2023-11-05T09:06:43,1699175203,752490403,60.32,100.00
11822844,2023-11-05T09:07:00,1699175220,752490420,62.52,100.00
11822844,2023-11-05T09:07:17,1699175237,752490437,59.60,100.00
11822844,2023-11-05T09:07:34,1699175254,752490454,59.15,100.00
11822844,2023-11-05T09:07:53,1699175273,752490473,58.92,100.00
11822844,2023-11-05T09:08:15,1699175295,752490495,59.38,100.00
11822844,2023-11-05T09:08:43,1699175323,752490523,59.64,100.00
11822844,2023-11-05T09:09:14,1699175354,752490554,58.48,100.00
11822844,2023-11-05T09:09:41,1699175381,752490581,59.01,100.00
11822844,2023-11-05T09:10:16,1699175416,752490616,59.74,100.00
11822844,2023-11-05T09:10:53,1699175453,752490653,59.94,100.00
11822844,2023-11-05T09:11:35,1699175495,752490695,59.33,100.00
11822844,2023-11-05T09:12:25,1699175545,752490745,58.92,100.00
11822844,2023-11-05T09:13:29,1699175609,752490809,59.80,100.00
11822844,2023-11-05T09:14:42,1699175682,752490882,59.32,100.00
11822844,2023-11-05T09:19:53,1699175993,752491193,58.29,100.00
11822844,2023-11-05T09:31:16,1699176676,752491876,59.29,100.00
11822844,2023-11-05T09:40:47,1699177247,752492447,59.13,100.00
11822844,2023-11-06T10:43:33,1699267413,752582613,64.23,86.73
11822844,2023-11-06T10:43:53,1699267433,752582633,63.32,89.31
11822844,2023-11-06T10:44:11,1699267451,752582651,62.40,92.29
11822844,2023-11-06T10:44:26,1699267466,752582666,61.84,92.10
11822844,2023-11-06T10:44:36,1699267476,752582676,61.24,93.35
11822844,2023-11-06T10:44:45,1699267485,752582685,61.21,94.18
11822844,2023-11-06T10:44:56,1699267496,752582696,61.09,94.37
11822844,2023-11-06T10:45:08,1699267508,752582708,60.29,95.30
11822844,2023-11-06T10:45:34,1699267534,752582734,59.52,95.53
11822844,2023-11-06T10:45:47,1699267547,752582747,60.18,97.05
11822844,2023-11-06T10:45:56,1699267556,752582756,59.78,97.75
11822844,2023-11-06T10:46:02,1699267562,752582762,59.85,98.29
11822844,2023-11-06T10:46:12,1699267572,752582772,60.09,98.88
11822844,2023-11-06T10:46:18,1699267578,752582778,59.80,99.25
11822844,2023-11-06T10:46:30,1699267590,752582790,59.93,99.21
11822844,2023-11-06T10:46:38,1699267598,752582798,59.13,99.78
11822844,2023-11-06T10:46:48,1699267608,752582808,58.65,100.00
11822844,2023-11-06T10:46:57,1699267617,752582817,59.29,99.70
11822844,2023-11-06T10:47:07,1699267627,752582827,58.09,100.00
11822844,2023-11-06T10:47:19,1699267639,752582839,58.89,100.00
11822844,2023-11-06T10:47:34,1699267654,752582854,58.50,100.00
11822844,2023-11-06T10:47:53,1699267673,752582873,58.23,100.00
11822844,2023-11-06T10:48:10,1699267690,752582890,58.10,100.00
11822844,2023-11-06T10:48:27,1699267707,752582907,58.37,100.00
11822844,2023-11-06T10:48:48,1699267728,752582928,57.98,100.00
11822844,2023-11-06T10:49:08,1699267748,752582948,58.01,100.00
11822844,2023-11-06T10:49:27,1699267767,752582967,58.69,100.00
11822844,2023-11-06T10:49:53,1699267793,752582993,58.18,100.00
11822844,2023-11-06T10:50:14,1699267814,752583014,58.44,100.00
11822844,2023-11-06T10:50:36,1699267836,752583036,58.34,100.00
11822844,2023-11-06T10:51:01,1699267861,752583061,58.34,100.00
11822844,2023-11-06T10:51:24,1699267884,752583084,58.41,100.00
11822844,2023-11-06T10:51:51,1699267911,752583111,58.22,100.00
11822844,2023-11-06T10:55:04,1699268104,752583304,58.57,100.00
11822844,2023-11-06T10:55:25,1699268125,752583325,59.67,100.00
11822844,2023-11-06T10:55:41,1699268141,752583341,58.37,100.00
11822844,2023-11-06T10:55:59,1699268159,752583359,58.31,100.00
11822844,2023-11-06T10:56:11,1699268171,752583371,58.82,100.00
11822844,2023-11-06T10:56:23,1699268183,752583383,58.94,100.00
11822844,2023-11-06T10:56:34,1699268194,752583394,58.11,100.00
11822844,2023-11-06T10:56:43,1699268203,752583403,58.24,100.00
11822844,2023-11-06T10:56:53,1699268213,752583413,58.75,100.00
11822844,2023-11-06T10:57:07,1699268227,752583427,57.70,100.00
11822844,2023-11-06T10:57:19,1699268239,752583439,57.88,100.00
11822844,2023-11-06T10:57:34,1699268254,752583454,57.36,100.00
11822844,2023-11-06T10:57:53,1699268273,752583473,57.98,100.00
11822844,2023-11-06T10:58:12,1699268292,752583492,57.27,100.00
11822844,2023-11-06T10:58:28,1699268308,752583508,58.04,100.00
11822844,2023-11-06T10:58:45,1699268325,752583525,58.28,100.00
11822844,2023-11-06T10:59:00,1699268340,752583540,57.32,100.00
11822844,2023-11-06T10:59:24,1699268364,752583564,57.89,100.00
11822844,2023-11-06T10:59:54,1699268394,752583594,57.76,100.00
11822844,2023-11-06T11:00:34,1699268434,752583634,57.96,100.00
11822844,2023-11-06T11:01:15,1699268475,752583675,57.81,100.00
11822844,2023-11-06T11:01:40,1699268500,752583700,57.94,100.00
11822844,2023-11-06T11:02:09,1699268529,752583729,58.20,100.00
11822844,2023-11-06T11:02:40,1699268560,752583760,58.96,100.00
11822844,2023-11-06T11:03:12,1699268592,752583792,57.90,100.00
11822844,2023-11-06T11:03:38,1699268618,752583818,58.58,100.00
11822844,2023-11-06T11:04:01,1699268641,752583841,58.40,100.00
11822844,2023-11-06T11:04:26,1699268666,752583866,58.21,100.00
11822844,2023-11-06T11:04:51,1699268691,752583891,58.32,100.00
11822844,2023-11-06T11:05:27,1699268727,752583927,58.08,100.00
11822844,2023-11-06T11:05:59,1699268759,752583959,58.03,100.00
11822844,2023-11-06T11:06:27,1699268787,752583987,57.86,100.00
11822844,2023-11-06T11:06:51,1699268811,752584011,58.11,100.00
11822844,2023-11-06T11:07:14,1699268834,752584034,57.18,100.00
11822844,2023-11-06T11:07:47,1699268867,752584067,57.20,100.00
11822844,2023-11-06T11:08:34,1699268914,752584114,57.31,100.00
11822844,2023-11-06T11:09:32,1699268972,752584172,57.78,100.00
11822844,2023-11-06T18:28:41,1699295321,752610521,56.06,100.00
11822844,2023-11-07T09:52:13,1699350733,752665933,62.11,91.74
11822844,2023-11-07T10:16:36,1699352196,752667396,60.51,92.74
11822844,2023-11-07T10:20:03,1699352403,752667603,60.96,97.06
11822844,2023-11-07T10:21:10,1699352470,752667670,60.04,97.81
11822844,2023-11-07T10:22:09,1699352529,752667729,60.82,100.00
11822844,2023-11-07T10:23:31,1699352611,752667811,59.30,100.00
11822844,2023-11-07T10:25:03,1699352703,752667903,59.71,100.00
11822844,2023-11-07T10:26:52,1699352812,752668012,59.21,100.00
11822844,2023-11-07T10:30:04,1699353004,752668204,58.59,100.00
11822844,2023-11-07T10:33:50,1699353230,752668430,58.60,100.00
11822844,2023-11-07T10:35:29,1699353329,752668529,58.71,100.00
11822844,2023-11-07T10:40:16,1699353616,752668816,59.44,100.00
11822844,2023-11-07T10:56:00,1699354560,752669760,59.64,100.00
11822844,2023-11-07T11:01:14,1699354874,752670074,58.91,100.00
11822844,2023-11-07T11:05:18,1699355118,752670318,58.77,100.00
11822844,2023-11-07T11:10:59,1699355459,752670659,58.85,100.00
11822844,2023-11-07T11:14:57,1699355697,752670897,58.45,100.00
11822844,2023-11-07T11:17:43,1699355863,752671063,57.41,100.00
11822844,2023-11-07T11:19:32,1699355972,752671172,57.94,100.00
11822844,2023-11-07T11:21:04,1699356064,752671264,58.96,100.00
11822844,2023-11-07T11:22:39,1699356159,752671359,58.67,100.00
11822844,2023-11-07T11:24:20,1699356260,752671460,57.66,100.00
11822844,2023-11-07T11:26:01,1699356361,752671561,58.82,100.00
11822844,2023-11-07T11:27:56,1699356476,752671676,58.73,100.00
11822844,2023-11-07T11:29:49,1699356589,752671789,61.44,100.00
11822844,2023-11-07T11:31:49,1699356709,752671909,61.27,100.00
11822844,2023-11-07T11:33:57,1699356837,752672037,57.41,100.00
11822844,2023-11-07T11:36:05,1699356965,752672165,58.39,100.00
11822844,2023-11-07T11:39:12,1699357152,752672352,58.41,100.00
11822844,2023-11-07T11:42:49,1699357369,752672569,58.13,100.00
11822844,2023-11-07T11:49:03,1699357743,752672943,58.78,100.00
11822844,2023-11-07T11:55:52,1699358152,752673352,58.99,100.00
11822844,2023-11-07T12:00:26,1699358426,752673626,60.20,100.00
11822844,2023-11-07T12:11:06,1699359066,752674266,57.46,100.00
11822844,2023-11-09T10:24:09,1699525449,752840649,65.02,94.58
11822844,2023-11-09T10:26:17,1699525577,752840777,65.11,95.11
11822844,2023-11-09T10:28:22,1699525702,752840902,64.62,97.13
11822844,2023-11-09T10:31:22,1699525882,752841082,63.96,97.98
11822844,2023-11-09T10:36:45,1699526205,752841405,63.19,99.96
11822844,2023-11-09T10:55:58,1699527358,752842558,64.05,97.53
11822844,2023-11-09T10:59:28,1699527568,752842768,61.71,100.00
11822844,2023-11-09T11:02:42,1699527762,752842962,59.04,100.00
11822844,2023-11-09T11:06:05,1699527965,752843165,59.22,100.00
11822844,2023-11-09T11:09:29,1699528169,752843369,59.42,100.00
11822844,2023-11-09T11:12:57,1699528377,752843577,59.47,100.00
11822844,2023-11-09T11:15:45,1699528545,752843745,58.28,100.00
11822844,2023-11-09T11:18:47,1699528727,752843927,58.30,100.00
11822844,2023-11-09T11:21:06,1699528866,752844066,58.71,100.00
11822844,2023-11-09T11:23:07,1699528987,752844187,59.22,100.00
11822844,2023-11-09T11:24:49,1699529089,752844289,58.57,100.00
11822844,2023-11-09T11:26:44,1699529204,752844404,57.85,100.00
11822844,2023-11-09T11:29:34,1699529374,752844574,58.38,100.00
11822844,2023-11-09T11:35:15,1699529715,752844915,57.20,100.00
11822844,2023-11-09T11:45:18,1699530318,752845518,58.59,100.00
11822844,2023-11-09T11:56:34,1699530994,752846194,56.96,100.00
11822844,2023-11-09T12:16:43,1699532203,752847403,58.22,100.00
11822844,2023-11-10T11:14:38,1699614878,752930078,81.09,92.81
11822844,2023-11-10T11:15:32,1699614932,752930132,80.26,94.29
11822844,2023-11-10T11:15:58,1699614958,752930158,79.84,94.36
11822844,2023-11-10T11:16:13,1699614973,752930173,80.66,94.29
11822844,2023-11-10T11:16:29,1699614989,752930189,79.52,94.61
11822844,2023-11-10T11:16:45,1699615005,752930205,80.30,94.56
11822844,2023-11-10T11:16:56,1699615016,752930216,78.96,95.36
11822844,2023-11-10T11:17:07,1699615027,752930227,77.99,96.03
11822844,2023-11-10T11:17:15,1699615035,752930235,79.14,95.85
11822844,2023-11-10T11:17:22,1699615042,752930242,78.82,96.31
11822844,2023-11-10T11:17:28,1699615048,752930248,79.15,96.45
11822844,2023-11-10T11:17:35,1699615055,752930255,77.97,97.24
11822844,2023-11-10T11:17:41,1699615061,752930261,77.56,97.70
11822844,2023-11-10T11:17:46,1699615066,752930266,77.55,97.89
11822844,2023-11-10T11:17:51,1699615071,752930271,78.82,97.55
11822844,2023-11-10T11:17:57,1699615077,752930277,78.01,98.06
11822844,2023-11-10T11:18:02,1699615082,752930282,78.10,98.20
11822844,2023-11-10T11:18:09,1699615089,752930289,77.65,98.55
11822844,2023-11-10T11:18:15,1699615095,752930295,77.13,98.89
11822844,2023-11-10T11:18:20,1699615100,752930300,78.05,98.59
11822844,2023-11-10T11:18:26,1699615106,752930306,78.03,98.66
11822844,2023-11-10T11:18:30,1699615110,752930310,76.29,99.43
11822844,2023-11-10T11:18:35,1699615115,752930315,76.46,99.43
11822844,2023-11-10T11:18:40,1699615120,752930320,76.07,99.62
11822844,2023-11-10T11:18:45,1699615125,752930325,76.80,99.41
11822844,2023-11-10T11:18:50,1699615130,752930330,75.36,100.00
11822844,2023-11-10T11:18:56,1699615136,752930336,74.76,100.00
11822844,2023-11-10T11:19:01,1699615141,752930341,75.98,99.93
11822844,2023-11-10T11:19:07,1699615147,752930347,75.86,100.00
11822844,2023-11-10T11:19:12,1699615152,752930352,74.81,100.00
11822844,2023-11-10T11:19:17,1699615157,752930357,75.36,100.00
11822844,2023-11-10T11:19:23,1699615163,752930363,73.87,100.00
11822844,2023-11-10T11:19:28,1699615168,752930368,73.64,100.00
11822844,2023-11-10T11:19:33,1699615173,752930373,74.07,100.00
11822844,2023-11-10T11:19:38,1699615178,752930378,72.41,100.00
11822844,2023-11-10T11:19:44,1699615184,752930384,66.14,100.00
11822844,2023-11-10T11:19:49,1699615189,752930389,64.02,100.00
11822844,2023-11-10T11:19:54,1699615194,752930394,62.71,100.00
11822844,2023-11-10T11:20:00,1699615200,752930400,61.50,100.00
11822844,2023-11-10T11:20:07,1699615207,752930407,63.69,100.00
11822844,2023-11-10T11:20:13,1699615213,752930413,63.61,100.00
11822844,2023-11-10T11:20:20,1699615220,752930420,64.14,100.00
11822844,2023-11-10T11:20:26,1699615226,752930426,63.12,100.00
11822844,2023-11-10T11:20:31,1699615231,752930431,64.25,100.00
11822844,2023-11-10T11:20:38,1699615238,752930438,63.48,100.00
11822844,2023-11-10T11:20:44,1699615244,752930444,62.36,100.00
11822844,2023-11-10T11:20:50,1699615250,752930450,62.83,100.00
11822844,2023-11-10T11:21:01,1699615261,752930461,64.13,100.00
11822844,2023-11-10T11:21:10,1699615270,752930470,64.06,100.00
11822844,2023-11-10T11:21:22,1699615282,752930482,60.99,100.00
11822844,2023-11-10T11:21:34,1699615294,752930494,61.84,100.00
11822844,2023-11-10T11:21:55,1699615315,752930515,62.98,100.00
11822844,2023-11-10T11:22:10,1699615330,752930530,62.26,100.00
11822844,2023-11-10T11:22:44,1699615364,752930564,63.33,100.00
11822844,2023-11-10T11:22:54,1699615374,752930574,63.41,100.00
11822844,2023-11-10T11:23:00,1699615380,752930580,62.33,100.00
11822844,2023-11-10T11:23:05,1699615385,752930585,61.37,100.00
11822844,2023-11-10T11:23:12,1699615392,752930592,62.38,100.00
11822844,2023-11-10T11:23:20,1699615400,752930600,63.65,100.00
11822844,2023-11-10T11:23:26,1699615406,752930606,55.17,100.00
11822844,2023-11-10T11:23:33,1699615413,752930613,55.62,100.00
11822844,2023-11-10T11:23:40,1699615420,752930620,56.03,100.00
11822844,2023-11-10T11:23:46,1699615426,752930626,57.05,100.00
11822844,2023-11-10T11:23:52,1699615432,752930632,56.93,100.00
11822844,2023-11-10T11:23:59,1699615439,752930639,58.17,100.00
11822844,2023-11-10T11:24:06,1699615446,752930646,57.72,100.00
11822844,2023-11-10T11:24:15,1699615455,752930655,58.31,100.00
11822844,2023-11-10T11:24:22,1699615462,752930662,59.07,100.00
11822844,2023-11-10T11:24:29,1699615469,752930669,57.93,100.00
11822844,2023-11-10T11:24:35,1699615475,752930675,58.39,100.00
11822844,2023-11-10T11:24:41,1699615481,752930681,59.32,100.00
11822844,2023-11-10T11:24:47,1699615487,752930687,58.51,100.00
11822844,2023-11-10T11:24:52,1699615492,752930692,58.51,100.00
11822844,2023-11-10T11:24:56,1699615496,752930696,59.41,100.00
11822844,2023-11-10T11:25:02,1699615502,752930702,59.47,100.00
11822844,2023-11-10T11:25:07,1699615507,752930707,59.55,100.00
11822844,2023-11-10T11:25:12,1699615512,752930712,60.21,100.00
11822844,2023-11-10T11:25:18,1699615518,752930718,55.07,100.00
11822844,2023-11-10T11:25:24,1699615524,752930724,55.36,100.00
11822844,2023-11-10T11:25:29,1699615529,752930729,54.36,100.00
11822844,2023-11-10T11:25:36,1699615536,752930736,53.95,100.00
11822844,2023-11-10T11:25:45,1699615545,752930745,54.46,100.00
11822844,2023-11-10T11:25:54,1699615554,752930754,53.99,100.00
11822844,2023-11-10T11:26:04,1699615564,752930764,53.83,100.00
11822844,2023-11-10T11:26:15,1699615575,752930775,54.56,100.00
11822844,2023-11-10T11:26:32,1699615592,752930792,54.69,100.00
11822844,2023-11-10T11:26:47,1699615607,752930807,55.13,100.00
11822844,2023-11-10T11:27:06,1699615626,752930826,54.69,100.00
11822844,2023-11-10T11:27:46,1699615666,752930866,54.36,100.00
11822844,2023-11-10T11:29:53,1699615793,752930993,53.95,100.00
11822844,2023-11-10T11:30:36,1699615836,752931036,53.07,100.00
11822844,2023-11-10T11:31:02,1699615862,752931062,53.86,100.00
11822844,2023-11-10T11:31:35,1699615895,752931095,53.52,100.00
11822844,2023-11-10T11:32:05,1699615925,752931125,53.83,100.00
11822844,2023-11-10T11:32:38,1699615958,752931158,54.59,100.00
11822844,2023-11-10T11:33:31,1699616011,752931211,53.37,100.00
11822844,2023-11-10T11:34:42,1699616082,752931282,53.42,100.00
11822844,2023-11-10T11:37:41,1699616261,752931461,53.39,100.00
11822844,2023-11-10T11:38:27,1699616307,752931507,54.42,100.00
11822844,2023-11-10T11:39:08,1699616348,752931548,54.20,100.00
11822844,2023-11-10T11:39:56,1699616396,752931596,54.34,100.00
11822844,2023-11-10T11:40:39,1699616439,752931639,54.29,100.00
11822844,2023-11-10T11:41:42,1699616502,752931702,54.25,100.00
11822844,2023-11-10T11:42:39,1699616559,752931759,53.84,100.00
11822844,2023-11-10T11:43:08,1699616588,752931788,53.91,100.00
11822844,2023-11-10T11:43:34,1699616614,752931814,54.44,100.00
11822844,2023-11-10T11:44:02,1699616642,752931842,54.42,100.00
11822844,2023-11-10T11:44:28,1699616668,752931868,53.97,100.00
11822844,2023-11-10T11:44:50,1699616690,752931890,54.12,100.00
11822844,2023-11-10T11:45:22,1699616722,752931922,54.03,100.00
11822844,2023-11-10T11:46:24,1699616784,752931984,54.02,100.00
11822844,2023-11-10T13:15:03,1699622103,752937303,58.18,100.00
11822844,2023-11-11T05:13:25,1699679605,752994805,62.92,100.00
11822844,2023-11-11T05:14:14,1699679654,752994854,62.80,100.00
11822844,2023-11-11T05:14:54,1699679694,752994894,62.49,100.00
11822844,2023-11-11T05:15:59,1699679759,752994959,61.27,100.00
11822844,2023-11-11T05:16:54,1699679814,752995014,61.20,100.00
11822844,2023-11-11T05:17:27,1699679847,752995047,61.54,100.00
11822844,2023-11-11T05:18:10,1699679890,752995090,60.60,100.00
11822844,2023-11-11T05:19:01,1699679941,752995141,60.96,100.00
11822844,2023-11-11T05:20:08,1699680008,752995208,61.14,100.00
11822844,2023-11-11T05:21:19,1699680079,752995279,62.10,100.00
11822844,2023-11-11T05:23:59,1699680239,752995439,62.67,100.00
11822844,2023-11-11T05:29:24,1699680564,752995764,60.98,100.00
11822844,2023-11-11T07:55:30,1699689330,753004530,58.87,100.00
11822844,2023-11-11T07:55:39,1699689339,753004539,59.10,100.00
11822844,2023-11-11T07:55:51,1699689351,753004551,59.33,100.00
11822844,2023-11-11T07:56:21,1699689381,753004581,58.39,100.00
11822844,2023-11-11T07:56:48,1699689408,753004608,58.74,100.00
11822844,2023-11-11T07:57:09,1699689429,753004629,58.38,100.00
11822844,2023-11-11T07:57:27,1699689447,753004647,57.90,100.00
11822844,2023-11-11T07:57:37,1699689457,753004657,57.90,100.00
11822844,2023-11-11T07:57:52,1699689472,753004672,57.74,100.00
11822844,2023-11-11T07:58:03,1699689483,753004683,57.58,100.00
11822844,2023-11-11T07:58:20,1699689500,753004700,57.23,100.00
11822844,2023-11-11T07:58:25,1699689505,753004705,57.18,100.00
11822844,2023-11-11T07:58:31,1699689511,753004711,57.33,100.00
11822844,2023-11-11T07:58:35,1699689515,753004715,57.21,100.00
11822844,2023-11-11T07:58:39,1699689519,753004719,57.08,100.00
11822844,2023-11-11T07:58:44,1699689524,753004724,57.04,100.00
11822844,2023-11-11T07:58:49,1699689529,753004729,56.96,100.00
11822844,2023-11-11T07:58:53,1699689533,753004733,56.82,100.00
11822844,2023-11-11T07:58:58,1699689538,753004738,57.02,100.00
11822844,2023-11-11T07:59:04,1699689544,753004744,57.63,100.00
11822844,2023-11-11T07:59:10,1699689550,753004750,57.80,100.00
11822844,2023-11-11T07:59:17,1699689557,753004757,57.71,100.00
11822844,2023-11-11T07:59:22,1699689562,753004762,57.44,100.00
11822844,2023-11-11T07:59:28,1699689568,753004768,57.14,100.00
11822844,2023-11-11T07:59:35,1699689575,753004775,56.63,100.00
11822844,2023-11-11T07:59:42,1699689582,753004782,56.58,100.00
11822844,2023-11-11T07:59:48,1699689588,753004788,56.78,100.00
11822844,2023-11-11T07:59:55,1699689595,753004795,56.04,100.00
11822844,2023-11-11T08:00:04,1699689604,753004804,56.36,100.00
11822844,2023-11-11T08:00:11,1699689611,753004811,56.24,100.00
11822844,2023-11-11T08:00:21,1699689621,753004821,56.55,100.00
11822844,2023-11-11T08:00:31,1699689631,753004831,56.65,100.00
11822844,2023-11-11T08:00:40,1699689640,753004840,55.69,100.00
11822844,2023-11-11T08:00:49,1699689649,753004849,56.32,100.00
11822844,2023-11-11T08:01:00,1699689660,753004860,55.80,100.00
11822844,2023-11-11T08:01:09,1699689669,753004869,56.74,100.00
11822844,2023-11-11T08:01:23,1699689683,753004883,55.63,100.00
11822844,2023-11-11T08:01:38,1699689698,753004898,56.14,100.00
11822844,2023-11-11T08:01:49,1699689709,753004909,56.97,100.00
11822844,2023-11-11T08:02:02,1699689722,753004922,55.93,100.00
11822844,2023-11-11T08:02:14,1699689734,753004934,55.76,100.00
11822844,2023-11-11T08:02:23,1699689743,753004943,56.24,100.00
11822844,2023-11-11T08:02:31,1699689751,753004951,56.97,100.00
11822844,2023-11-11T08:02:37,1699689757,753004957,56.31,100.00
11822844,2023-11-11T08:02:45,1699689765,753004965,56.57,100.00
11822844,2023-11-11T08:02:51,1699689771,753004971,56.35,100.00
11822844,2023-11-11T08:02:57,1699689777,753004977,56.06,100.00
11822844,2023-11-11T08:03:03,1699689783,753004983,56.97,100.00
11822844,2023-11-11T08:03:09,1699689789,753004989,56.57,100.00
11822844,2023-11-11T08:03:15,1699689795,753004995,55.76,100.00
11822844,2023-11-11T08:03:21,1699689801,753005001,55.62,100.00
11822844,2023-11-11T08:03:27,1699689807,753005007,55.56,100.00
11822844,2023-11-11T08:03:32,1699689812,753005012,56.04,100.00
11822844,2023-11-11T08:03:39,1699689819,753005019,55.78,100.00
11822844,2023-11-11T08:03:45,1699689825,753005025,55.49,100.00
11822844,2023-11-11T08:03:52,1699689832,753005032,56.06,100.00
11822844,2023-11-11T08:03:58,1699689838,753005038,56.17,100.00
11822844,2023-11-11T08:04:03,1699689843,753005043,56.37,100.00
11822844,2023-11-11T08:04:08,1699689848,753005048,56.20,100.00
11822844,2023-11-11T08:04:14,1699689854,753005054,55.81,100.00
11822844,2023-11-11T08:04:20,1699689860,753005060,56.10,100.00
11822844,2023-11-11T08:04:27,1699689867,753005067,55.70,100.00
11822844,2023-11-11T08:04:35,1699689875,753005075,56.08,100.00
11822844,2023-11-11T08:04:41,1699689881,753005081,55.54,100.00
11822844,2023-11-11T08:04:49,1699689889,753005089,55.92,100.00
11822844,2023-11-11T08:04:57,1699689897,753005097,55.80,100.00
11822844,2023-11-11T08:05:06,1699689906,753005106,56.51,100.00
11822844,2023-11-11T08:05:15,1699689915,753005115,55.65,100.00
11822844,2023-11-11T08:05:23,1699689923,753005123,56.27,100.00
11822844,2023-11-11T08:05:30,1699689930,753005130,56.25,100.00
11822844,2023-11-11T08:05:37,1699689937,753005137,55.84,100.00
11822844,2023-11-11T08:05:43,1699689943,753005143,56.57,100.00
11822844,2023-11-11T08:05:50,1699689950,753005150,56.06,100.00
11822844,2023-11-11T08:05:55,1699689955,753005155,55.86,100.00
11822844,2023-11-11T08:06:01,1699689961,753005161,55.46,100.00
11822844,2023-11-11T08:06:06,1699689966,753005166,55.53,100.00
11822844,2023-11-11T08:06:12,1699689972,753005172,55.60,100.00
11822844,2023-11-11T08:06:17,1699689977,753005177,55.21,100.00
11822844,2023-11-11T08:06:23,1699689983,753005183,55.87,100.00
11822844,2023-11-11T08:06:29,1699689989,753005189,55.55,100.00
11822844,2023-11-11T08:06:34,1699689994,753005194,55.73,100.00
11822844,2023-11-11T08:06:40,1699690000,753005200,55.91,100.00
11822844,2023-11-11T08:06:45,1699690005,753005205,55.71,100.00
11822844,2023-11-11T08:06:50,1699690010,753005210,55.62,100.00
11822844,2023-11-11T08:06:56,1699690016,753005216,55.99,100.00
11822844,2023-11-11T08:07:03,1699690023,753005223,55.60,100.00
11822844,2023-11-11T08:07:09,1699690029,753005229,55.71,100.00
11822844,2023-11-11T08:07:14,1699690034,753005234,55.15,100.00
11822844,2023-11-11T08:07:21,1699690041,753005241,55.05,100.00
11822844,2023-11-11T08:07:25,1699690045,753005245,55.50,100.00
11822844,2023-11-11T08:07:30,1699690050,753005250,55.65,100.00
11822844,2023-11-11T08:07:35,1699690055,753005255,56.24,100.00
11822844,2023-11-11T08:07:40,1699690060,753005260,55.32,100.00
11822844,2023-11-11T08:07:46,1699690066,753005266,55.03,100.00
11822844,2023-11-11T08:07:51,1699690071,753005271,54.86,100.00
11822844,2023-11-11T08:07:57,1699690077,753005277,55.06,100.00
11822844,2023-11-11T08:08:02,1699690082,753005282,55.45,100.00
11822844,2023-11-11T08:08:07,1699690087,753005287,53.94,100.00
11822844,2023-11-11T08:08:12,1699690092,753005292,55.60,100.00
11822844,2023-11-11T08:08:18,1699690098,753005298,55.63,100.00
11822844,2023-11-11T08:08:28,1699690108,753005308,55.48,100.00
11822844,2023-11-11T08:08:38,1699690118,753005318,55.21,100.00
11822844,2023-11-11T08:08:47,1699690127,753005327,55.92,100.00
11822844,2023-11-11T08:08:56,1699690136,753005336,56.65,100.00
11822844,2023-11-11T08:09:03,1699690143,753005343,55.44,100.00
11822844,2023-11-11T08:09:12,1699690152,753005352,56.46,100.00
11822844,2023-11-11T08:09:24,1699690164,753005364,56.45,100.00
11822844,2023-11-11T08:09:31,1699690171,753005371,56.91,100.00
11822844,2023-11-11T08:09:36,1699690176,753005376,56.95,100.00
11822844,2023-11-11T08:09:44,1699690184,753005384,57.06,100.00
11822844,2023-11-11T08:09:53,1699690193,753005393,56.18,100.00
11822844,2023-11-11T08:10:02,1699690202,753005402,56.96,100.00
11822844,2023-11-11T08:10:16,1699690216,753005416,56.88,100.00
11822844,2023-11-11T08:10:29,1699690229,753005429,57.25,100.00
11822844,2023-11-11T08:10:38,1699690238,753005438,57.02,100.00
11822844,2023-11-11T08:10:48,1699690248,753005448,56.89,100.00
11822844,2023-11-11T08:10:55,1699690255,753005455,57.05,100.00
11822844,2023-11-11T08:11:01,1699690261,753005461,56.72,100.00
11822844,2023-11-11T08:11:07,1699690267,753005467,57.35,100.00
11822844,2023-11-11T08:11:15,1699690275,753005475,57.04,100.00
11822844,2023-11-11T08:11:23,1699690283,753005483,56.99,100.00
11822844,2023-11-11T08:11:31,1699690291,753005491,56.78,100.00
11822844,2023-11-11T08:11:40,1699690300,753005500,57.64,100.00
11822844,2023-11-11T08:11:49,1699690309,753005509,57.35,100.00
11822844,2023-11-11T08:11:59,1699690319,753005519,57.15,100.00
11822844,2023-11-11T08:12:10,1699690330,753005530,56.95,100.00
11822844,2023-11-11T08:12:20,1699690340,753005540,57.34,100.00
11822844,2023-11-11T08:12:28,1699690348,753005548,57.27,100.00
11822844,2023-11-11T08:12:36,1699690356,753005556,57.11,100.00
11822844,2023-11-11T08:12:48,1699690368,753005568,56.98,100.00
11822844,2023-11-11T08:13:04,1699690384,753005584,57.67,100.00
11822844,2023-11-11T08:13:25,1699690405,753005605,58.49,100.00
11822844,2023-11-11T08:13:49,1699690429,753005629,58.79,100.00
11822844,2023-11-11T08:14:07,1699690447,753005647,57.15,100.00
11822844,2023-11-11T08:14:24,1699690464,753005664,57.90,100.00
11822844,2023-11-11T08:14:41,1699690481,753005681,56.99,100.00
11822844,2023-11-11T08:14:56,1699690496,753005696,57.99,100.00
11822844,2023-11-11T08:15:12,1699690512,753005712,57.18,100.00
11822844,2023-11-11T08:15:26,1699690526,753005726,57.33,100.00
11822844,2023-11-11T08:15:40,1699690540,753005740,57.54,100.00
11822844,2023-11-11T08:15:56,1699690556,753005756,57.55,100.00
11822844,2023-11-11T08:16:09,1699690569,753005769,57.84,100.00
11822844,2023-11-11T08:16:24,1699690584,753005784,57.25,100.00
11822844,2023-11-11T08:16:39,1699690599,753005799,57.06,100.00
11822844,2023-11-11T08:16:53,1699690613,753005813,56.25,100.00
11822844,2023-11-11T08:17:08,1699690628,753005828,56.99,100.00
11822844,2023-11-11T08:17:22,1699690642,753005842,57.74,100.00
11822844,2023-11-11T08:17:36,1699690656,753005856,57.90,100.00
11822844,2023-11-11T08:17:52,1699690672,753005872,56.55,100.00
11822844,2023-11-11T08:18:06,1699690686,753005886,56.76,100.00
11822844,2023-11-11T08:18:21,1699690701,753005901,58.51,100.00
11822844,2023-11-11T08:18:36,1699690716,753005916,58.16,100.00
11822844,2023-11-11T08:18:50,1699690730,753005930,58.17,100.00
11822844,2023-11-11T08:19:04,1699690744,753005944,58.63,100.00
11822844,2023-11-11T08:19:19,1699690759,753005959,57.85,100.00
11822844,2023-11-11T08:19:35,1699690775,753005975,58.17,100.00
11822844,2023-11-11T08:19:51,1699690791,753005991,57.48,100.00
11822844,2023-11-11T08:20:08,1699690808,753006008,58.74,100.00
11822844,2023-11-11T08:20:23,1699690823,753006023,59.46,100.00
11822844,2023-11-11T08:20:38,1699690838,753006038,59.21,100.00
11822844,2023-11-11T08:20:53,1699690853,753006053,59.51,100.00
11822844,2023-11-11T08:21:10,1699690870,753006070,58.82,100.00
11822844,2023-11-11T08:21:27,1699690887,753006087,58.66,100.00
11822844,2023-11-11T08:21:45,1699690905,753006105,59.74,100.00
11822844,2023-11-11T08:22:08,1699690928,753006128,59.15,100.00
11822844,2023-11-11T08:22:26,1699690946,753006146,59.01,100.00
11822844,2023-11-11T08:22:44,1699690964,753006164,58.62,100.00
11822844,2023-11-11T08:23:02,1699690982,753006182,58.82,100.00
11822844,2023-11-11T08:23:23,1699691003,753006203,57.63,100.00
11822844,2023-11-11T08:23:41,1699691021,753006221,57.98,100.00
11822844,2023-11-11T08:24:04,1699691044,753006244,57.64,100.00
11822844,2023-11-11T08:24:31,1699691071,753006271,58.04,100.00
11822844,2023-11-11T08:24:55,1699691095,753006295,58.06,100.00
11822844,2023-11-11T08:25:25,1699691125,753006325,57.07,100.00
11822844,2023-11-11T08:26:01,1699691161,753006361,57.31,100.00
11822844,2023-11-11T08:26:40,1699691200,753006400,57.11,100.00
11822844,2023-11-11T08:27:34,1699691254,753006454,58.41,100.00
11822844,2023-11-11T08:28:36,1699691316,753006516,59.19,100.00
11822844,2023-11-11T08:29:40,1699691380,753006580,58.95,100.00
11822844,2023-11-11T08:30:42,1699691442,753006642,60.67,100.00
11822844,2023-11-11T08:32:10,1699691530,753006730,62.19,100.00
11822844,2023-11-11T08:34:13,1699691653,753006853,62.39,100.00
11822844,2023-11-11T08:35:05,1699691705,753006905,69.41,100.00
11822844,2023-11-11T08:36:00,1699691760,753006960,73.27,100.00
11822844,2023-11-11T08:36:35,1699691795,753006995,71.38,100.00
11822844,2023-11-11T08:37:20,1699691840,753007040,71.47,100.00
11822844,2023-11-11T08:38:22,1699691902,753007102,72.41,100.00
11822844,2023-11-11T08:39:43,1699691983,753007183,71.47,100.00
11822844,2023-11-11T08:41:21,1699692081,753007281,71.27,100.00
11822844,2023-11-11T08:42:09,1699692129,753007329,72.29,100.00
11822844,2023-11-11T08:42:47,1699692167,753007367,73.24,100.00
11822844,2023-11-11T08:43:22,1699692202,753007402,73.37,100.00
11822844,2023-11-11T08:43:54,1699692234,753007434,72.13,100.00
11822844,2023-11-11T08:44:36,1699692276,753007476,72.11,100.00
11822844,2023-11-11T08:45:35,1699692335,753007535,71.77,100.00
11822844,2023-11-11T08:47:35,1699692455,753007655,72.34,100.00
11822844,2023-11-11T08:50:20,1699692620,753007820,71.31,100.00
11822844,2023-11-11T08:53:31,1699692811,753008011,70.25,100.00
11822844,2023-11-11T08:56:02,1699692962,753008162,65.74,100.00
11822844,2023-11-11T08:58:26,1699693106,753008306,64.44,100.00
11822844,2023-11-11T09:01:03,1699693263,753008463,64.06,100.00
11822844,2023-11-11T09:04:32,1699693472,753008672,65.42,100.00
11822844,2023-11-11T09:08:28,1699693708,753008908,63.75,100.00
11822844,2023-11-11T09:13:01,1699693981,753009181,63.25,100.00
11822844,2023-11-11T09:16:49,1699694209,753009409,60.77,100.00
11822844,2023-11-11T09:20:23,1699694423,753009623,62.64,100.00
11822844,2023-11-11T09:23:59,1699694639,753009839,61.44,100.00
11822844,2023-11-11T09:27:07,1699694827,753010027,61.17,100.00
11822844,2023-11-11T09:30:37,1699695037,753010237,64.09,100.00
11822844,2023-11-11T09:33:40,1699695220,753010420,65.11,100.00
11822844,2023-11-11T09:36:29,1699695389,753010589,65.55,100.00
11822844,2023-11-11T09:39:14,1699695554,753010754,67.76,100.00
11822844,2023-11-11T09:42:33,1699695753,753010953,64.66,100.00
11822844,2023-11-11T09:46:59,1699696019,753011219,66.46,100.00
11822844,2023-11-11T09:50:15,1699696215,753011415,67.36,100.00
11822844,2023-11-11T09:53:45,1699696425,753011625,68.53,100.00
11822844,2023-11-11T09:58:17,1699696697,753011897,68.99,100.00
11822844,2023-11-11T10:04:23,1699697063,753012263,69.56,100.00
11822844,2023-11-11T10:18:40,1699697920,753013120,74.72,100.00
11822844,2023-11-14T11:54:53,1699962893,753278093,35.12,100.00
11822844,2023-11-14T11:55:28,1699962928,753278128,34.09,100.00
11822844,2023-11-14T11:55:37,1699962937,753278137,31.31,100.00
11822844,2023-11-14T11:55:42,1699962942,753278142,30.72,100.00
11822844,2023-11-14T11:55:51,1699962951,753278151,30.78,100.00
11822844,2023-11-14T11:55:59,1699962959,753278159,30.43,100.00
11822844,2023-11-14T11:56:06,1699962966,753278166,31.63,100.00
11822844,2023-11-14T11:56:13,1699962973,753278173,30.19,100.00
11822844,2023-11-14T11:56:18,1699962978,753278178,29.99,100.00
11822844,2023-11-14T11:56:25,1699962985,753278185,30.40,100.00
11822844,2023-11-14T11:56:31,1699962991,753278191,29.86,100.00
11822844,2023-11-14T11:56:36,1699962996,753278196,30.25,100.00
11822844,2023-11-14T11:56:42,1699963002,753278202,29.45,100.00
11822844,2023-11-14T11:56:47,1699963007,753278207,29.19,100.00
11822844,2023-11-14T11:56:53,1699963013,753278213,29.16,100.00
11822844,2023-11-14T11:56:59,1699963019,753278219,29.42,100.00
11822844,2023-11-14T11:57:05,1699963025,753278225,28.64,100.00
11822844,2023-11-14T11:57:11,1699963031,753278231,28.01,100.00
11822844,2023-11-14T11:57:18,1699963038,753278238,28.83,100.00
11822844,2023-11-14T11:57:24,1699963044,753278244,29.34,100.00
11822844,2023-11-14T11:57:30,1699963050,753278250,29.81,100.00
11822844,2023-11-14T11:57:36,1699963056,753278256,28.33,100.00
11822844,2023-11-14T11:57:42,1699963062,753278262,28.33,100.00
11822844,2023-11-14T11:57:50,1699963070,753278270,28.57,100.00
11822844,2023-11-14T11:57:57,1699963077,753278277,27.59,100.00
11822844,2023-11-14T11:58:04,1699963084,753278284,27.84,100.00
11822844,2023-11-14T11:58:13,1699963093,753278293,29.50,100.00
11822844,2023-11-14T11:58:22,1699963102,753278302,27.48,100.00
11822844,2023-11-14T11:58:31,1699963111,753278311,28.24,100.00
11822844,2023-11-14T11:58:39,1699963119,753278319,28.77,100.00
11822844,2023-11-14T11:58:51,1699963131,753278331,27.57,100.00
11822844,2023-11-14T11:59:02,1699963142,753278342,27.12,100.00
11822844,2023-11-14T11:59:18,1699963158,753278358,27.28,100.00
11822844,2023-11-14T11:59:41,1699963181,753278381,28.37,100.00
11822844,2023-11-14T12:00:19,1699963219,753278419,26.82,100.00
11822844,2023-11-14T12:02:57,1699963377,753278577,29.10,100.00
11822844,2023-11-14T22:20:53,1700000453,753315653,44.77,100.00
11822844,2023-11-16T06:36:58,1700116618,753431818,44.84,100.00
11822844,2023-11-16T21:22:00,1700169720,753484920,41.62,100.00
11822844,2023-11-17T10:25:12,1700216712,753531912,43.37,100.00
11822844,2023-11-17T15:48:38,1700236118,753551318,42.01,100.00
11822844,2023-11-17T18:16:31,1700244991,753560191,41.06,100.00
11822844,2023-11-17T18:49:39,1700246979,753562179,41.63,100.00
11822844,2023-11-17T19:03:42,1700247822,753563022,40.71,100.00
11822844,2023-11-17T19:22:33,1700248953,753564153,40.70,100.00
11822844,2023-11-17T19:36:07,1700249767,753564967,41.02,100.00
11822844,2023-11-17T19:55:23,1700250923,753566123,40.84,100.00
11822844,2023-11-17T20:25:49,1700252749,753567949,41.06,100.00
11822844,2023-11-18T08:11:17,1700295077,753610277,43.60,97.79
11822844,2023-11-18T10:18:52,1700302732,753617932,42.51,100.00
11822844,2023-11-18T10:26:32,1700303192,753618392,42.33,100.00
11822844,2023-11-18T10:27:55,1700303275,753618475,43.88,100.00
11822844,2023-11-18T10:28:49,1700303329,753618529,43.22,100.00
11822844,2023-11-18T10:29:55,1700303395,753618595,42.85,100.00
11822844,2023-11-18T10:31:38,1700303498,753618698,43.79,100.00
11822844,2023-11-18T10:34:30,1700303670,753618870,42.20,100.00
11822844,2023-11-18T10:48:01,1700304481,753619681,43.76,100.00
11822844,2023-11-18T11:00:48,1700305248,753620448,42.55,100.00
11822844,2023-11-18T11:04:27,1700305467,753620667,42.32,100.00
11822844,2023-11-18T11:15:02,1700306102,753621302,40.24,100.00
11822844,2023-11-21T10:13:26,1700561606,753876806,-666.00,-666.00
11822844,2023-11-21T10:13:26,1700561606,753876806,-666.00,-666.00
11822844,2023-11-21T10:13:27,1700561607,753876807,-666.00,-666.00
11822844,2023-11-21T10:13:27,1700561607,753876807,-666.00,-666.00
11822844,2023-11-21T10:14:02,1700561642,753876842,11.53,86.47
11822844,2023-11-21T10:14:02,1700561642,753876842,12.86,86.53
11822844,2023-11-21T10:14:03,1700561643,753876843,11.79,85.94
11822844,2023-11-21T10:14:03,1700561643,753876843,11.86,85.73
11822844,2023-11-24T09:25:25,1700817925,754133125,15.15,91.92
11822844,2023-11-24T09:28:41,1700818121,754133321,14.02,93.93
11822844,2023-11-24T09:32:05,1700818325,754133525,10.62,97.61
11822844,2023-11-24T09:34:54,1700818494,754133694,13.58,100.00
11822844,2023-11-24T09:38:25,1700818705,754133905,12.71,100.00
11822844,2023-11-24T09:45:38,1700819138,754134338,11.71,99.22
11822844,2023-11-24T09:51:55,1700819515,754134715,11.23,100.00
11822844,2023-11-24T09:56:38,1700819798,754134998,11.90,100.00
11822844,2023-11-24T10:00:23,1700820023,754135223,10.38,100.00
11822844,2023-11-24T10:02:58,1700820178,754135378,12.63,100.00
11822844,2023-11-24T10:04:41,1700820281,754135481,10.63,100.00
11822844,2023-11-24T10:06:44,1700820404,754135604,11.20,100.00
11822844,2023-11-24T10:09:31,1700820571,754135771,10.98,100.00
11822844,2023-11-24T10:12:42,1700820762,754135962,9.34,100.00
11822844,2023-11-24T10:15:57,1700820957,754136157,13.08,100.00
11822844,2023-11-24T10:21:30,1700821290,754136490,10.40,100.00
11822844,2023-11-24T10:49:36,1700822976,754138176,16.87,100.00
11822844,2023-11-24T12:33:48,1700829228,754144428,23.61,100.00
11822844,2023-11-25T07:56:27,1700898987,754214187,-666.00,-666.00
11822844,2023-11-25T07:57:02,1700899022,754214222,-666.00,-666.00
11822844,2023-11-25T07:57:27,1700899047,754214247,-666.00,-666.00
11822844,2023-11-25T07:57:50,1700899070,754214270,-666.00,-666.00
11822844,2023-11-25T07:58:29,1700899109,754214309,-666.00,-666.00
11822844,2023-11-25T07:59:29,1700899169,754214369,-666.00,-666.00
11822844,2023-11-25T08:00:33,1700899233,754214433,-666.00,-666.00
11822844,2023-11-25T08:01:19,1700899279,754214479,-666.00,-666.00
11822844,2023-11-25T08:01:56,1700899316,754214516,-666.00,-666.00
11822844,2023-11-25T08:02:29,1700899349,754214549,-666.00,-666.00
11822844,2023-11-25T08:03:02,1700899382,754214582,-666.00,-666.00
11822844,2023-11-25T08:03:29,1700899409,754214609,-666.00,-666.00
11822844,2023-11-25T08:03:53,1700899433,754214633,-666.00,-666.00
11822844,2023-11-25T08:04:23,1700899463,754214663,-666.00,-666.00
11822844,2023-11-25T08:05:22,1700899522,754214722,-666.00,-666.00
11822844,2023-11-25T08:06:38,1700899598,754214798,-666.00,-666.00
11822844,2023-11-25T08:07:43,1700899663,754214863,-666.00,-666.00
11822844,2023-11-25T08:08:48,1700899728,754214928,-666.00,-666.00
11822844,2023-11-25T08:10:25,1700899825,754215025,-666.00,-666.00
11822844,2023-11-25T08:11:51,1700899911,754215111,-666.00,-666.00
11822844,2023-11-25T08:13:38,1700900018,754215218,-666.00,-666.00
11822844,2023-11-25T08:19:24,1700900364,754215564,-666.00,-666.00
11822844,2023-11-25T08:31:08,1700901068,754216268,-666.00,-666.00
11822844,2023-11-25T18:06:40,1700935600,754250800,-666.00,-666.00
11822844,2023-11-25T18:17:46,1700936266,754251466,-666.00,-666.00
11822844,2023-11-25T18:26:08,1700936768,754251968,-666.00,-666.00
11822844,2023-11-25T18:33:03,1700937183,754252383,-666.00,-666.00
11822844,2023-11-25T18:39:02,1700937542,754252742,-666.00,-666.00
11822844,2023-11-25T18:44:18,1700937858,754253058,-666.00,-666.00
11822844,2023-11-25T19:07:40,1700939260,754254460,-666.00,-666.00
11822844,2023-11-26T01:49:23,1700963363,754278563,-666.00,-666.00
11822844,2023-11-26T03:04:22,1700967862,754283062,-666.00,-666.00
11822844,2023-11-26T03:11:07,1700968267,754283467,-666.00,-666.00
11822844,2023-11-26T03:17:04,1700968624,754283824,-666.00,-666.00
11822844,2023-11-26T03:23:25,1700969005,754284205,-666.00,-666.00
11822844,2023-11-26T03:29:25,1700969365,754284565,-666.00,-666.00
11822844,2023-11-26T03:35:13,1700969713,754284913,-666.00,-666.00
11822844,2023-11-26T03:39:56,1700969996,754285196,-666.00,-666.00
11822844,2023-11-26T03:45:17,1700970317,754285517,-666.00,-666.00
11822844,2023-11-26T03:54:03,1700970843,754286043,-666.00,-666.00
11822844,2023-11-26T04:06:53,1700971613,754286813,-666.00,-666.00
11822844,2023-11-26T04:21:54,1700972514,754287714,-666.00,-666.00
11822844,2023-11-26T04:35:00,1700973300,754288500,-666.00,-666.00
11822844,2023-11-26T04:45:41,1700973941,754289141,-666.00,-666.00
11822844,2023-11-26T04:56:52,1700974612,754289812,-666.00,-666.00
11822844,2023-11-26T05:05:28,1700975128,754290328,-666.00,-666.00
11822844,2023-11-26T05:16:02,1700975762,754290962,-666.00,-666.00
11822844,2023-11-26T05:43:06,1700977386,754292586,-666.00,-666.00
11822844,2023-11-26T06:12:15,1700979135,754294335,-666.00,-666.00
11822844,2023-11-26T07:52:21,1700985141,754300341,-666.00,-666.00
11822844,2023-11-26T08:27:51,1700987271,754302471,-666.00,-666.00
11822844,2023-11-26T09:07:32,1700989652,754304852,-666.00,-666.00
11822844,2023-11-26T09:22:49,1700990569,754305769,-666.00,-666.00
11822844,2023-11-26T09:34:07,1700991247,754306447,-666.00,-666.00
11822844,2023-11-26T09:45:35,1700991935,754307135,-666.00,-666.00
11822844,2023-11-26T09:56:27,1700992587,754307787,-666.00,-666.00
11822844,2023-11-26T10:12:12,1700993532,754308732,-666.00,-666.00
11822844,2023-11-26T10:18:41,1700993921,754309121,-666.00,-666.00
11822844,2023-11-26T10:24:12,1700994252,754309452,-666.00,-666.00
11822844,2023-11-26T10:31:29,1700994689,754309889,-666.00,-666.00
11822844,2023-11-26T10:42:34,1700995354,754310554,-666.00,-666.00
11822844,2023-11-26T11:50:47,1700999447,754314647,-666.00,-666.00
11822844,2023-11-26T12:04:27,1701000267,754315467,-666.00,-666.00
11822844,2023-11-26T12:23:13,1701001393,754316593,-666.00,-666.00
11822844,2023-11-26T12:47:03,1701002823,754318023,-666.00,-666.00
11822844,2023-11-27T01:36:27,1701048987,754364187,-666.00,-666.00
11822844,2023-11-27T02:42:08,1701052928,754368128,-666.00,-666.00
11822844,2023-11-27T04:55:13,1701060913,754376113,-666.00,-666.00
11822844,2023-11-27T04:57:41,1701061061,754376261,-666.00,-666.00
11822844,2023-11-27T04:59:03,1701061143,754376343,-666.00,-666.00
11822844,2023-11-27T05:16:11,1701062171,754377371,-666.00,-666.00
11822844,2023-11-27T05:17:21,1701062241,754377441,-666.00,-666.00
11822844,2023-11-27T05:17:50,1701062270,754377470,-666.00,-666.00
11822844,2023-11-27T05:18:13,1701062293,754377493,-666.00,-666.00
11822844,2023-11-27T05:18:47,1701062327,754377527,-666.00,-666.00
11822844,2023-11-27T05:23:56,1701062636,754377836,-666.00,-666.00
11822844,2023-11-27T05:27:40,1701062860,754378060,-666.00,-666.00
11822844,2023-11-27T05:31:36,1701063096,754378296,-666.00,-666.00
11822844,2023-11-27T06:06:30,1701065190,754380390,-666.00,-666.00
11822844,2023-11-27T06:09:20,1701065360,754380560,-666.00,-666.00
11822844,2023-11-27T06:11:22,1701065482,754380682,-666.00,-666.00
11822844,2023-11-27T06:14:02,1701065642,754380842,-666.00,-666.00
11822844,2023-11-27T06:16:42,1701065802,754381002,-666.00,-666.00
11822844,2023-11-27T06:20:03,1701066003,754381203,-666.00,-666.00
11822844,2023-11-27T06:23:21,1701066201,754381401,-666.00,-666.00
11822844,2023-11-27T06:26:42,1701066402,754381602,-666.00,-666.00
11822844,2023-11-27T06:30:19,1701066619,754381819,-666.00,-666.00
11822844,2023-11-27T06:34:48,1701066888,754382088,-666.00,-666.00
11822844,2023-11-27T06:41:00,1701067260,754382460,-666.00,-666.00
11822844,2023-11-27T06:45:48,1701067548,754382748,-666.00,-666.00
11822844,2023-11-27T06:51:29,1701067889,754383089,-666.00,-666.00
11822844,2023-11-27T06:57:11,1701068231,754383431,-666.00,-666.00
11822844,2023-11-27T07:11:59,1701069119,754384319,-666.00,-666.00
11822844,2023-11-27T07:43:10,1701070990,754386190,-666.00,-666.00
11822844,2023-11-27T07:45:10,1701071110,754386310,-666.00,-666.00
11822844,2023-11-27T07:46:29,1701071189,754386389,-666.00,-666.00
11822844,2023-11-27T07:47:30,1701071250,754386450,-666.00,-666.00
11822844,2023-11-27T07:48:15,1701071295,754386495,-666.00,-666.00
11822844,2023-11-27T07:49:10,1701071350,754386550,-666.00,-666.00
11822844,2023-11-27T07:50:06,1701071406,754386606,-666.00,-666.00
11822844,2023-11-27T07:50:48,1701071448,754386648,-666.00,-666.00
11822844,2023-11-27T07:51:28,1701071488,754386688,-666.00,-666.00
11822844,2023-11-27T07:52:32,1701071552,754386752,-666.00,-666.00
11822844,2023-11-27T07:54:47,1701071687,754386887,-666.00,-666.00
11822844,2023-11-27T07:59:15,1701071955,754387155,-666.00,-666.00
11822844,2023-11-27T08:05:00,1701072300,754387500,-666.00,-666.00
11822844,2023-11-27T08:09:23,1701072563,754387763,-666.00,-666.00
11822844,2023-11-27T08:17:02,1701073022,754388222,-666.00,-666.00
11822844,2023-11-27T08:32:28,1701073948,754389148,-666.00,-666.00
11822844,2023-11-27T08:46:35,1701074795,754389995,-666.00,-666.00
11822844,2023-11-27T08:51:35,1701075095,754390295,-666.00,-666.00
11822844,2023-11-27T08:56:19,1701075379,754390579,-666.00,-666.00
11822844,2023-11-27T09:04:12,1701075852,754391052,-666.00,-666.00
11822844,2023-11-27T09:22:45,1701076965,754392165,-666.00,-666.00
11822844,2023-11-27T09:44:33,1701078273,754393473,-666.00,-666.00
11822844,2023-11-27T10:13:34,1701080014,754395214,-666.00,-666.00
11822844,2023-11-27T10:37:20,1701081440,754396640,-666.00,-666.00
11822844,2023-11-27T10:51:04,1701082264,754397464,-666.00,-666.00
11822844,2023-11-27T11:15:21,1701083721,754398921,-666.00,-666.00
11822844,2023-11-27T11:45:55,1701085555,754400755,-666.00,-666.00
11822844,2023-11-27T11:55:28,1701086128,754401328,-666.00,-666.00
11822844,2023-11-27T12:01:33,1701086493,754401693,-666.00,-666.00
11822844,2023-11-27T12:08:26,1701086906,754402106,-666.00,-666.00
11822844,2023-11-27T12:19:16,1701087556,754402756,-666.00,-666.00
11822844,2023-11-28T00:43:54,1701132234,754447434,-666.00,-666.00
11822844,2023-12-01T10:24:33,1701426273,754741473,-666.00,-666.00
11822844,2023-12-01T10:25:35,1701426335,754741535,-666.00,-666.00
11822844,2023-12-01T10:26:14,1701426374,754741574,-666.00,-666.00
11822844,2023-12-01T10:26:53,1701426413,754741613,-666.00,-666.00
11822844,2023-12-01T10:27:24,1701426444,754741644,-666.00,-666.00
11822844,2023-12-01T10:27:46,1701426466,754741666,-666.00,-666.00
11822844,2023-12-01T10:28:14,1701426494,754741694,-666.00,-666.00
11822844,2023-12-01T10:31:33,1701426693,754741893,-666.00,-666.00
11822844,2023-12-01T11:35:12,1701430512,754745712,-666.00,-666.00
11822844,2023-12-01T11:35:36,1701430536,754745736,-666.00,-666.00
11822844,2023-12-01T11:35:56,1701430556,754745756,-666.00,-666.00
11822844,2023-12-01T11:36:24,1701430584,754745784,-666.00,-666.00
11822844,2023-12-01T11:36:43,1701430603,754745803,-666.00,-666.00
11822844,2023-12-01T11:37:04,1701430624,754745824,-666.00,-666.00
11822844,2023-12-01T11:37:26,1701430646,754745846,-666.00,-666.00
11822844,2023-12-01T11:37:40,1701430660,754745860,-666.00,-666.00
11822844,2023-12-01T11:37:55,1701430675,754745875,-666.00,-666.00
11822844,2023-12-01T11:38:12,1701430692,754745892,-666.00,-666.00
11822844,2023-12-01T11:38:31,1701430711,754745911,-666.00,-666.00
11822844,2023-12-01T11:38:56,1701430736,754745936,-666.00,-666.00
11822844,2023-12-01T11:39:42,1701430782,754745982,-666.00,-666.00
11822844,2023-12-01T11:41:47,1701430907,754746107,-666.00,-666.00
11822844,2023-12-01T12:03:55,1701432235,754747435,-666.00,-666.00
11822844,2023-12-01T12:26:40,1701433600,754748800,-666.00,-666.00
11822844,2023-12-01T22:34:24,1701470064,754785264,-666.00,-666.00
11822844,2023-12-02T09:28:11,1701509291,754824491,-666.00,-666.00
11822844,2023-12-02T09:28:47,1701509327,754824527,-666.00,-666.00
11822844,2023-12-02T09:29:01,1701509341,754824541,-666.00,-666.00
11822844,2023-12-02T09:29:15,1701509355,754824555,-666.00,-666.00
11822844,2023-12-02T09:29:26,1701509366,754824566,-666.00,-666.00
11822844,2023-12-02T09:29:36,1701509376,754824576,-666.00,-666.00
11822844,2023-12-02T09:29:49,1701509389,754824589,-666.00,-666.00
11822844,2023-12-02T09:30:03,1701509403,754824603,-666.00,-666.00
11822844,2023-12-02T09:30:14,1701509414,754824614,-666.00,-666.00
11822844,2023-12-02T09:30:24,1701509424,754824624,-666.00,-666.00
11822844,2023-12-02T09:30:35,1701509435,754824635,-666.00,-666.00
11822844,2023-12-02T09:30:49,1701509449,754824649,-666.00,-666.00
11822844,2023-12-02T09:31:04,1701509464,754824664,-666.00,-666.00
11822844,2023-12-02T09:31:21,1701509481,754824681,-666.00,-666.00
11822844,2023-12-02T09:31:39,1701509499,754824699,-666.00,-666.00
11822844,2023-12-02T09:32:00,1701509520,754824720,-666.00,-666.00
11822844,2023-12-02T09:33:05,1701509585,754824785,-666.00,-666.00
11822844,2023-12-02T09:36:29,1701509789,754824989,-666.00,-666.00
11822844,2023-12-02T09:37:30,1701509850,754825050,-666.00,-666.00
11822844,2023-12-02T09:38:42,1701509922,754825122,-666.00,-666.00
11822844,2023-12-02T09:39:13,1701509953,754825153,-666.00,-666.00
11822844,2023-12-02T09:39:40,1701509980,754825180,-666.00,-666.00
11822844,2023-12-02T09:40:02,1701510002,754825202,-666.00,-666.00
11822844,2023-12-02T09:40:21,1701510021,754825221,-666.00,-666.00
11822844,2023-12-02T09:40:40,1701510040,754825240,-666.00,-666.00
11822844,2023-12-02T09:40:57,1701510057,754825257,-666.00,-666.00
11822844,2023-12-02T09:41:12,1701510072,754825272,-666.00,-666.00
11822844,2023-12-02T09:41:28,1701510088,754825288,-666.00,-666.00
11822844,2023-12-02T09:41:52,1701510112,754825312,-666.00,-666.00
11822844,2023-12-02T09:50:34,1701510634,754825834,-666.00,-666.00
11822844,2023-12-02T09:58:30,1701511110,754826310,-666.00,-666.00
11822844,2023-12-02T10:00:27,1701511227,754826427,-666.00,-666.00
11822844,2023-12-02T10:01:02,1701511262,754826462,-666.00,-666.00
11822844,2023-12-02T10:01:57,1701511317,754826517,-666.00,-666.00
11822844,2023-12-02T10:02:36,1701511356,754826556,-666.00,-666.00
11822844,2023-12-02T10:02:45,1701511365,754826565,-666.00,-666.00
11822844,2023-12-02T10:02:50,1701511370,754826570,-666.00,-666.00
11822844,2023-12-02T10:02:57,1701511377,754826577,-666.00,-666.00
11822844,2023-12-02T10:03:04,1701511384,754826584,-666.00,-666.00
11822844,2023-12-02T10:03:09,1701511389,754826589,-666.00,-666.00
11822844,2023-12-02T10:03:15,1701511395,754826595,-666.00,-666.00
11822844,2023-12-02T10:03:21,1701511401,754826601,-666.00,-666.00
11822844,2023-12-02T10:03:31,1701511411,754826611,-666.00,-666.00
11822844,2023-12-02T10:03:44,1701511424,754826624,-666.00,-666.00
11822844,2023-12-02T10:03:55,1701511435,754826635,-666.00,-666.00
11822844,2023-12-02T10:04:05,1701511445,754826645,-666.00,-666.00
11822844,2023-12-02T10:04:16,1701511456,754826656,-666.00,-666.00
11822844,2023-12-02T10:04:26,1701511466,754826666,-666.00,-666.00
11822844,2023-12-02T10:04:38,1701511478,754826678,-666.00,-666.00
11822844,2023-12-02T10:04:52,1701511492,754826692,-666.00,-666.00
11822844,2023-12-02T10:05:05,1701511505,754826705,-666.00,-666.00
11822844,2023-12-02T10:05:13,1701511513,754826713,-666.00,-666.00
11822844,2023-12-02T10:05:22,1701511522,754826722,-666.00,-666.00
11822844,2023-12-02T10:05:32,1701511532,754826732,-666.00,-666.00
11822844,2023-12-02T10:05:41,1701511541,754826741,-666.00,-666.00
11822844,2023-12-02T10:05:48,1701511548,754826748,-666.00,-666.00
11822844,2023-12-02T10:05:59,1701511559,754826759,-666.00,-666.00
11822844,2023-12-02T10:06:12,1701511572,754826772,-666.00,-666.00
11822844,2023-12-02T10:06:30,1701511590,754826790,-666.00,-666.00
11822844,2023-12-02T10:06:51,1701511611,754826811,-666.00,-666.00
11822844,2023-12-02T10:07:15,1701511635,754826835,-666.00,-666.00
11822844,2023-12-02T10:07:32,1701511652,754826852,-666.00,-666.00
11822844,2023-12-02T10:07:47,1701511667,754826867,-666.00,-666.00
11822844,2023-12-02T10:09:08,1701511748,754826948,-666.00,-666.00
11822844,2023-12-02T10:15:21,1701512121,754827321,-666.00,-666.00
11822844,2023-12-02T10:21:35,1701512495,754827695,-666.00,-666.00
11822844,2023-12-02T10:22:49,1701512569,754827769,-666.00,-666.00
11822844,2023-12-02T10:24:01,1701512641,754827841,-666.00,-666.00
11822844,2023-12-02T10:24:53,1701512693,754827893,-666.00,-666.00
11822844,2023-12-02T10:26:05,1701512765,754827965,-666.00,-666.00
11822844,2023-12-02T10:27:42,1701512862,754828062,-666.00,-666.00
11822844,2023-12-02T10:31:04,1701513064,754828264,-666.00,-666.00
11822844,2023-12-02T10:33:46,1701513226,754828426,-666.00,-666.00
11822844,2023-12-02T10:47:15,1701514035,754829235,-666.00,-666.00
11822844,2023-12-02T11:04:24,1701515064,754830264,-666.00,-666.00
11822844,2023-12-02T11:16:04,1701515764,754830964,-666.00,-666.00
11822844,2023-12-02T11:59:07,1701518347,754833547,-666.00,-666.00
11822844,2023-12-02T21:53:06,1701553986,754869186,-666.00,-666.00
11822844,2023-12-03T02:19:32,1701569972,754885172,-666.00,-666.00
11822844,2023-12-03T11:39:00,1701603540,754918740,-666.00,-666.00
11822844,2023-12-03T11:48:14,1701604094,754919294,-666.00,-666.00
11822844,2023-12-05T10:04:47,1701770687,755085887,-666.00,-666.00
11822844,2023-12-05T10:09:13,1701770953,755086153,-666.00,-666.00
11822844,2023-12-05T11:36:39,1701776199,755091399,-666.00,-666.00
11822844,2023-12-05T15:06:43,1701788803,755104003,-666.00,-666.00
11822844,2023-12-06T09:31:12,1701855072,755170272,-666.00,-666.00
11822844,2023-12-06T09:33:26,1701855206,755170406,-666.00,-666.00
11822844,2023-12-06T09:34:38,1701855278,755170478,-666.00,-666.00
11822844,2023-12-06T09:35:28,1701855328,755170528,-666.00,-666.00
11822844,2023-12-06T09:36:03,1701855363,755170563,-666.00,-666.00
11822844,2023-12-06T09:36:23,1701855383,755170583,-666.00,-666.00
11822844,2023-12-06T09:36:46,1701855406,755170606,-666.00,-666.00
11822844,2023-12-06T09:37:13,1701855433,755170633,-666.00,-666.00
11822844,2023-12-06T09:37:47,1701855467,755170667,-666.00,-666.00
11822844,2023-12-06T09:38:20,1701855500,755170700,-666.00,-666.00
11822844,2023-12-06T09:38:34,1701855514,755170714,-666.00,-666.00
11822844,2023-12-06T09:38:51,1701855531,755170731,-666.00,-666.00
11822844,2023-12-06T09:39:05,1701855545,755170745,-666.00,-666.00
11822844,2023-12-06T09:39:25,1701855565,755170765,-666.00,-666.00
11822844,2023-12-06T09:39:42,1701855582,755170782,-666.00,-666.00
11822844,2023-12-06T09:40:02,1701855602,755170802,-666.00,-666.00
11822844,2023-12-06T09:40:23,1701855623,755170823,-666.00,-666.00
11822844,2023-12-06T09:40:45,1701855645,755170845,-666.00,-666.00
11822844,2023-12-06T09:41:03,1701855663,755170863,-666.00,-666.00
11822844,2023-12-06T09:41:24,1701855684,755170884,-666.00,-666.00
11822844,2023-12-06T09:41:50,1701855710,755170910,-666.00,-666.00
11822844,2023-12-06T09:42:24,1701855744,755170944,-666.00,-666.00
11822844,2023-12-06T09:43:05,1701855785,755170985,-666.00,-666.00
11822844,2023-12-06T09:44:18,1701855858,755171058,-666.00,-666.00
11822844,2023-12-06T09:45:13,1701855913,755171113,-666.00,-666.00
11822844,2023-12-06T09:45:34,1701855934,755171134,-666.00,-666.00
11822844,2023-12-06T09:45:56,1701855956,755171156,-666.00,-666.00
11822844,2023-12-06T09:46:19,1701855979,755171179,-666.00,-666.00
11822844,2023-12-06T09:46:37,1701855997,755171197,-666.00,-666.00
11822844,2023-12-06T09:46:57,1701856017,755171217,-666.00,-666.00
11822844,2023-12-06T09:47:22,1701856042,755171242,-666.00,-666.00
11822844,2023-12-06T09:47:57,1701856077,755171277,-666.00,-666.00
11822844,2023-12-06T09:49:00,1701856140,755171340,-666.00,-666.00
11822844,2023-12-06T09:50:35,1701856235,755171435,-666.00,-666.00
11822844,2023-12-06T14:03:58,1701871438,755186638,-666.00,-666.00
11822844,2023-12-06T14:29:20,1701872960,755188160,-666.00,-666.00
11822844,2023-12-06T14:32:39,1701873159,755188359,-666.00,-666.00
11822844,2023-12-06T14:37:49,1701873469,755188669,-666.00,-666.00
11822844,2023-12-06T14:39:30,1701873570,755188770,-666.00,-666.00
11822844,2023-12-06T14:40:25,1701873625,755188825,-666.00,-666.00
11822844,2023-12-06T14:41:55,1701873715,755188915,-666.00,-666.00
11822844,2023-12-06T14:42:43,1701873763,755188963,-666.00,-666.00
11822844,2023-12-06T14:44:34,1701873874,755189074,-666.00,-666.00
11822844,2023-12-06T14:46:12,1701873972,755189172,-666.00,-666.00
11822844,2023-12-06T14:47:34,1701874054,755189254,-666.00,-666.00
11822844,2023-12-06T14:48:13,1701874093,755189293,-666.00,-666.00
11822844,2023-12-06T14:48:47,1701874127,755189327,-666.00,-666.00
11822844,2023-12-06T14:49:07,1701874147,755189347,-666.00,-666.00
11822844,2023-12-06T14:49:20,1701874160,755189360,-666.00,-666.00
11822844,2023-12-06T14:49:35,1701874175,755189375,-666.00,-666.00
11822844,2023-12-06T14:49:49,1701874189,755189389,-666.00,-666.00
11822844,2023-12-06T14:50:04,1701874204,755189404,-666.00,-666.00
11822844,2023-12-06T14:50:21,1701874221,755189421,-666.00,-666.00
11822844,2023-12-06T14:51:22,1701874282,755189482,-666.00,-666.00
11822844,2023-12-06T14:51:57,1701874317,755189517,-666.00,-666.00
11822844,2023-12-06T14:52:16,1701874336,755189536,-666.00,-666.00
11822844,2023-12-06T14:52:32,1701874352,755189552,-666.00,-666.00
11822844,2023-12-06T14:52:51,1701874371,755189571,-666.00,-666.00
11822844,2023-12-06T14:53:15,1701874395,755189595,-666.00,-666.00
11822844,2023-12-06T14:53:47,1701874427,755189627,-666.00,-666.00
11822844,2023-12-06T14:54:33,1701874473,755189673,-666.00,-666.00
11822844,2023-12-06T14:55:24,1701874524,755189724,-666.00,-666.00
11822844,2023-12-06T14:55:48,1701874548,755189748,-666.00,-666.00
11822844,2023-12-06T14:56:14,1701874574,755189774,-666.00,-666.00
11822844,2023-12-06T14:56:41,1701874601,755189801,-666.00,-666.00
11822844,2023-12-06T14:57:04,1701874624,755189824,-666.00,-666.00
11822844,2023-12-06T14:57:38,1701874658,755189858,-666.00,-666.00
11822844,2023-12-06T14:58:01,1701874681,755189881,-666.00,-666.00
11822844,2023-12-06T14:58:20,1701874700,755189900,-666.00,-666.00
11822844,2023-12-06T14:58:59,1701874739,755189939,-666.00,-666.00
11822844,2023-12-06T15:27:00,1701876420,755191620,-666.00,-666.00
11822844,2023-12-07T12:01:52,1701950512,755265712,-666.00,-666.00
11822844,2023-12-07T12:24:02,1701951842,755267042,-666.00,-666.00
11822844,2023-12-07T12:32:24,1701952344,755267544,-666.00,-666.00
11822844,2023-12-07T12:35:26,1701952526,755267726,-666.00,-666.00
11822844,2023-12-07T21:15:52,1701983752,755298952,-666.00,-666.00
11822844,2023-12-09T11:23:22,1702121002,755436202,-666.00,-666.00
11822844,2023-12-09T11:24:01,1702121041,755436241,-666.00,-666.00
11822844,2023-12-09T11:24:28,1702121068,755436268,-666.00,-666.00
11822844,2023-12-09T11:25:06,1702121106,755436306,-666.00,-666.00
11822844,2023-12-09T11:28:30,1702121310,755436510,-666.00,-666.00
11822844,2023-12-09T13:20:31,1702128031,755443231,-666.00,-666.00
11822844,2023-12-10T06:50:11,1702191011,755506211,-666.00,-666.00
11822844,2023-12-10T06:51:41,1702191101,755506301,-666.00,-666.00
11822844,2023-12-10T06:52:55,1702191175,755506375,-666.00,-666.00
11822844,2023-12-10T06:56:26,1702191386,755506586,-666.00,-666.00
11822844,2023-12-10T08:23:44,1702196624,755511824,-666.00,-666.00
11822844,2023-12-10T08:24:01,1702196641,755511841,-666.00,-666.00
11822844,2023-12-10T08:24:19,1702196659,755511859,-666.00,-666.00
11822844,2023-12-10T08:24:31,1702196671,755511871,-666.00,-666.00
11822844,2023-12-10T08:24:41,1702196681,755511881,-666.00,-666.00
11822844,2023-12-10T08:24:54,1702196694,755511894,-666.00,-666.00
11822844,2023-12-10T08:25:07,1702196707,755511907,-666.00,-666.00
11822844,2023-12-10T08:25:23,1702196723,755511923,-666.00,-666.00
11822844,2023-12-10T08:25:40,1702196740,755511940,-666.00,-666.00
11822844,2023-12-10T08:25:58,1702196758,755511958,-666.00,-666.00
11822844,2023-12-10T08:26:23,1702196783,755511983,-666.00,-666.00
11822844,2023-12-10T08:27:06,1702196826,755512026,-666.00,-666.00
11822844,2023-12-10T08:28:20,1702196900,755512100,-666.00,-666.00
11822844,2023-12-10T08:31:51,1702197111,755512311,-666.00,-666.00
11822844,2023-12-10T09:10:34,1702199434,755514634,-666.00,-666.00
11822844,2023-12-10T09:11:07,1702199467,755514667,-666.00,-666.00
11822844,2023-12-10T09:12:07,1702199527,755514727,-666.00,-666.00
11822844,2023-12-10T09:13:22,1702199602,755514802,-666.00,-666.00
11822844,2023-12-10T09:29:09,1702200549,755515749,-666.00,-666.00
11822844,2023-12-10T09:30:41,1702200641,755515841,-666.00,-666.00
11822844,2023-12-10T09:31:15,1702200675,755515875,-666.00,-666.00
11822844,2023-12-10T09:31:35,1702200695,755515895,-666.00,-666.00
11822844,2023-12-10T09:31:53,1702200713,755515913,-666.00,-666.00
11822844,2023-12-10T09:32:14,1702200734,755515934,-666.00,-666.00
11822844,2023-12-10T09:32:41,1702200761,755515961,-666.00,-666.00
11822844,2023-12-10T09:33:25,1702200805,755516005,-666.00,-666.00
11822844,2023-12-10T09:35:20,1702200920,755516120,-666.00,-666.00
11822844,2023-12-10T09:36:02,1702200962,755516162,-666.00,-666.00
11822844,2023-12-10T09:36:27,1702200987,755516187,-666.00,-666.00
11822844,2023-12-10T09:36:50,1702201010,755516210,-666.00,-666.00
11822844,2023-12-10T09:37:18,1702201038,755516238,-666.00,-666.00
11822844,2023-12-10T09:37:52,1702201072,755516272,-666.00,-666.00
11822844,2023-12-10T09:38:25,1702201105,755516305,-666.00,-666.00
11822844,2023-12-10T09:38:54,1702201134,755516334,-666.00,-666.00
11822844,2023-12-10T09:39:25,1702201165,755516365,-666.00,-666.00
11822844,2023-12-10T09:39:53,1702201193,755516393,-666.00,-666.00
11822844,2023-12-10T09:40:29,1702201229,755516429,-666.00,-666.00
11822844,2023-12-10T09:41:20,1702201280,755516480,-666.00,-666.00
11822844,2023-12-10T09:41:52,1702201312,755516512,-666.00,-666.00
11822844,2023-12-10T09:42:18,1702201338,755516538,-666.00,-666.00
11822844,2023-12-10T09:42:40,1702201360,755516560,-666.00,-666.00
11822844,2023-12-10T09:43:01,1702201381,755516581,-666.00,-666.00
11822844,2023-12-10T09:43:24,1702201404,755516604,-666.00,-666.00
11822844,2023-12-10T09:43:50,1702201430,755516630,-666.00,-666.00
11822844,2023-12-10T09:44:21,1702201461,755516661,-666.00,-666.00
11822844,2023-12-10T09:45:00,1702201500,755516700,-666.00,-666.00
11822844,2023-12-10T09:45:41,1702201541,755516741,-666.00,-666.00
11822844,2023-12-10T09:46:27,1702201587,755516787,-666.00,-666.00
11822844,2023-12-10T09:47:11,1702201631,755516831,-666.00,-666.00
11822844,2023-12-10T09:47:45,1702201665,755516865,-666.00,-666.00
11822844,2023-12-10T09:48:24,1702201704,755516904,-666.00,-666.00
11822844,2023-12-10T09:49:15,1702201755,755516955,-666.00,-666.00
11822844,2023-12-10T09:50:55,1702201855,755517055,-666.00,-666.00
11822844,2023-12-10T17:12:51,1702228371,755543571,-666.00,-666.00
