1645240,2022-11-30T09:42:38,1669801358,723116558
1645240,2022-11-30T10:16:33,1669803393,723118593
1645240,2022-11-30T10:16:56,1669803416,723118616
1645240,2022-11-30T10:59:16,1669805956,723121156
1645240,2022-11-30T11:10:30,1669806630,723121830
1645240,2022-11-30T11:10:42,1669806642,723121842
1645240,2022-11-30T11:27:18,1669807638,723122838
1645240,2022-11-30T11:27:33,1669807653,723122853
1645240,2022-11-30T11:27:41,1669807661,723122861
1645240,2022-11-30T11:27:43,1669807663,723122863
1645240,2022-11-30T11:27:57,1669807677,723122877
1645240,2022-11-30T11:27:58,1669807678,723122878
1645240,2022-11-30T11:41:21,1669808481,723123681
1645240,2022-11-30T11:46:01,1669808761,723123961
1645240,2022-11-30T11:49:12,1669808952,723124152
1645240,2022-11-30T15:16:30,1669821390,723136590
1645240,2022-11-30T15:36:18,1669822578,723137778
1645240,2022-11-30T15:37:12,1669822632,723137832
1645240,2022-11-30T15:38:53,1669822733,723137933
1645240,2022-11-30T15:39:09,1669822749,723137949
1645240,2022-11-30T15:39:27,1669822767,723137967
1645240,2022-11-30T15:39:38,1669822778,723137978
1645240,2022-11-30T15:39:55,1669822795,723137995
1645240,2022-11-30T15:40:05,1669822805,723138005
1645240,2022-11-30T15:40:19,1669822819,723138019
1645240,2022-11-30T15:40:30,1669822830,723138030
1645240,2022-11-30T15:40:53,1669822853,723138053
1645240,2022-11-30T15:41:10,1669822870,723138070
1645240,2022-11-30T15:41:32,1669822892,723138092
1645240,2022-11-30T15:41:43,1669822903,723138103
1645240,2022-11-30T15:42:03,1669822923,723138123
1645240,2022-11-30T15:42:17,1669822937,723138137
1645240,2022-11-30T15:42:48,1669822968,723138168
1645240,2022-11-30T15:43:09,1669822989,723138189
1645240,2022-11-30T15:43:35,1669823015,723138215
1645240,2022-11-30T15:43:46,1669823026,723138226
1645240,2022-11-30T15:43:59,1669823039,723138239
1645240,2022-11-30T15:44:09,1669823049,723138249
1645240,2022-11-30T15:44:25,1669823065,723138265
1645240,2022-11-30T15:44:37,1669823077,723138277
1645240,2022-11-30T15:45:35,1669823135,723138335
1645240,2022-11-30T15:47:50,1669823270,723138470
1645240,2022-11-30T19:49:30,1669837770,723152970
1645240,2022-11-30T19:51:57,1669837917,723153117
1645240,2022-12-01T15:32:47,1669908767,723223967
1645240,2022-12-02T05:34:33,1669959273,723274473
1645240,2022-12-02T05:35:32,1669959332,723274532
1645240,2022-12-02T05:35:46,1669959346,723274546
1645240,2022-12-02T05:36:07,1669959367,723274567
1645240,2022-12-02T05:36:19,1669959379,723274579
1645240,2022-12-02T05:36:39,1669959399,723274599
1645240,2022-12-02T05:37:01,1669959421,723274621
1645240,2022-12-02T05:38:04,1669959484,723274684
1645240,2022-12-02T05:39:00,1669959540,723274740
1645240,2022-12-02T05:39:29,1669959569,723274769
1645240,2022-12-02T05:39:57,1669959597,723274797
1645240,2022-12-02T05:46:14,1669959974,723275174
1645240,2022-12-02T05:49:31,1669960171,723275371
1645240,2022-12-02T15:27:39,1669994859,723310059
1645240,2022-12-02T15:27:40,1669994860,723310060
1645240,2022-12-02T17:07:43,1670000863,723316063
1645240,2022-12-02T17:08:27,1670000907,723316107
1645240,2022-12-02T17:09:43,1670000983,723316183
1645240,2022-12-02T17:10:51,1670001051,723316251
1645240,2022-12-02T17:13:57,1670001237,723316437
1645240,2022-12-02T17:24:57,1670001897,723317097
1645240,2022-12-02T17:30:24,1670002224,723317424
1645240,2022-12-02T17:34:38,1670002478,723317678
1645240,2022-12-02T17:43:33,1670003013,723318213
1645240,2022-12-02T17:50:20,1670003420,723318620
1645240,2022-12-03T11:18:52,1670066332,723381532
1645240,2022-12-03T15:30:58,1670081458,723396658
1645240,2022-12-03T15:31:19,1670081479,723396679
1645240,2022-12-03T15:31:44,1670081504,723396704
1645240,2022-12-03T15:32:23,1670081543,723396743
1645240,2022-12-03T20:17:26,1670098646,723413846
1645240,2022-12-03T20:45:43,1670100343,723415543
1645240,2022-12-03T21:26:15,1670102775,723417975
1645240,2022-12-04T01:01:50,1670115710,723430910
1645240,2022-12-04T01:13:29,1670116409,723431609
1645240,2022-12-04T01:29:31,1670117371,723432571
1645240,2022-12-04T01:41:31,1670118091,723433291
1645240,2022-12-04T01:57:35,1670119055,723434255
1645240,2022-12-04T02:08:28,1670119708,723434908
1645240,2022-12-04T02:32:01,1670121121,723436321
1645240,2022-12-04T02:43:12,1670121792,723436992
1645240,2022-12-04T02:50:05,1670122205,723437405
1645240,2022-12-04T02:55:01,1670122501,723437701
1645240,2022-12-04T03:09:32,1670123372,723438572
1645240,2022-12-04T04:01:14,1670126474,723441674
1645240,2022-12-04T15:37:32,1670168252,723483452
1645240,2022-12-04T20:53:30,1670187210,723502410
1645240,2022-12-05T05:00:56,1670216456,723531656
1645240,2022-12-05T05:37:50,1670218670,723533870
1645240,2022-12-05T16:02:31,1670256151,723571351
1645240,2022-12-06T18:35:07,1670351707,723666907
1645240,2022-12-06T18:36:46,1670351806,723667006
1645240,2022-12-06T18:38:03,1670351883,723667083
1645240,2022-12-06T18:42:18,1670352138,723667338
1645240,2022-12-06T18:45:28,1670352328,723667528
1645240,2022-12-06T18:47:18,1670352438,723667638
1645240,2022-12-06T18:48:34,1670352514,723667714
1645240,2022-12-06T18:50:35,1670352635,723667835
1645240,2022-12-06T18:52:11,1670352731,723667931
1645240,2022-12-06T18:56:04,1670352964,723668164
1645240,2022-12-07T06:20:53,1670394053,723709253
1645240,2022-12-07T18:10:57,1670436657,723751857
1645240,2022-12-07T18:11:51,1670436711,723751911
1645240,2022-12-07T18:12:53,1670436773,723751973
1645240,2022-12-07T18:13:31,1670436811,723752011
1645240,2022-12-07T18:14:19,1670436859,723752059
1645240,2022-12-07T18:14:49,1670436889,723752089
1645240,2022-12-07T18:16:06,1670436966,723752166
1645240,2022-12-07T18:17:15,1670437035,723752235
1645240,2022-12-07T18:19:58,1670437198,723752398
1645240,2022-12-07T18:23:43,1670437423,723752623
1645240,2022-12-08T06:49:54,1670482194,723797394
1645240,2022-12-08T07:28:46,1670484526,723799726
1645240,2022-12-08T08:00:25,1670486425,723801625
1645240,2022-12-08T08:16:13,1670487373,723802573
1645240,2022-12-08T08:29:09,1670488149,723803349
1645240,2023-01-10T15:44:11,1673365451,726680651
1645240,2023-01-13T15:31:27,1673623887,726939087
1645240,2023-01-13T15:34:05,1673624045,726939245
1645240,2023-01-13T15:34:22,1673624062,726939262
1645240,2023-01-13T15:34:57,1673624097,726939297
1645240,2023-01-13T15:36:55,1673624215,726939415
1645240,2023-01-13T15:38:55,1673624335,726939535
1645240,2023-01-13T15:39:20,1673624360,726939560
1645240,2023-01-13T15:39:44,1673624384,726939584
1645240,2023-01-13T15:40:06,1673624406,726939606
1645240,2023-01-13T15:40:28,1673624428,726939628
1645240,2023-01-13T15:40:48,1673624448,726939648
1645240,2023-01-13T15:41:21,1673624481,726939681
1645240,2023-01-13T15:41:37,1673624497,726939697
1645240,2023-01-13T15:42:02,1673624522,726939722
1645240,2023-01-13T15:42:16,1673624536,726939736
1645240,2023-01-13T15:42:28,1673624548,726939748
1645240,2023-01-13T15:42:37,1673624557,726939757
1645240,2023-01-13T15:42:48,1673624568,726939768
1645240,2023-01-13T15:42:58,1673624578,726939778
1645240,2023-01-13T15:43:12,1673624592,726939792
1645240,2023-01-13T15:43:23,1673624603,726939803
1645240,2023-01-13T15:43:32,1673624612,726939812
1645240,2023-01-13T15:43:40,1673624620,726939820
1645240,2023-01-13T15:43:50,1673624630,726939830
1645240,2023-01-13T15:43:57,1673624637,726939837
1645240,2023-01-13T15:44:05,1673624645,726939845
1645240,2023-01-13T15:44:11,1673624651,726939851
1645240,2023-01-13T15:44:19,1673624659,726939859
1645240,2023-01-13T15:44:27,1673624667,726939867
1645240,2023-01-13T15:44:39,1673624679,726939879
1645240,2023-01-13T15:44:50,1673624690,726939890
1645240,2023-01-13T15:45:02,1673624702,726939902
1645240,2023-01-13T15:45:13,1673624713,726939913
1645240,2023-01-13T15:45:25,1673624725,726939925
1645240,2023-01-13T15:45:36,1673624736,726939936
1645240,2023-01-13T15:45:49,1673624749,726939949
1645240,2023-01-13T15:46:00,1673624760,726939960
1645240,2023-01-13T15:46:17,1673624777,726939977
1645240,2023-01-13T15:46:30,1673624790,726939990
1645240,2023-01-13T15:46:47,1673624807,726940007
1645240,2023-01-13T15:46:58,1673624818,726940018
1645240,2023-01-13T15:47:11,1673624831,726940031
1645240,2023-01-13T15:47:21,1673624841,726940041
1645240,2023-01-13T15:47:36,1673624856,726940056
1645240,2023-01-13T15:47:44,1673624864,726940064
1645240,2023-01-13T15:47:55,1673624875,726940075
1645240,2023-01-13T15:48:01,1673624881,726940081
1645240,2023-01-13T15:48:13,1673624893,726940093
1645240,2023-01-13T15:48:19,1673624899,726940099
1645240,2023-01-13T15:48:30,1673624910,726940110
1645240,2023-01-13T15:48:38,1673624918,726940118
1645240,2023-01-13T15:48:51,1673624931,726940131
1645240,2023-01-13T15:48:57,1673624937,726940137
1645240,2023-01-13T15:49:07,1673624947,726940147
1645240,2023-01-13T15:49:16,1673624956,726940156
1645240,2023-01-13T15:49:29,1673624969,726940169
1645240,2023-01-13T15:49:39,1673624979,726940179
1645240,2023-01-13T15:49:51,1673624991,726940191
1645240,2023-01-13T15:49:59,1673624999,726940199
1645240,2023-01-13T15:50:09,1673625009,726940209
1645240,2023-01-13T15:50:15,1673625015,726940215
1645240,2023-01-13T15:50:26,1673625026,726940226
1645240,2023-01-13T15:50:34,1673625034,726940234
1645240,2023-01-13T15:50:43,1673625043,726940243
1645240,2023-01-13T15:50:48,1673625048,726940248
1645240,2023-01-13T15:50:56,1673625056,726940256
1645240,2023-01-13T15:51:02,1673625062,726940262
1645240,2023-01-13T15:51:11,1673625071,726940271
1645240,2023-01-13T15:51:20,1673625080,726940280
1645240,2023-01-13T15:51:29,1673625089,726940289
1645240,2023-01-13T15:51:37,1673625097,726940297
1645240,2023-01-13T15:51:46,1673625106,726940306
1645240,2023-01-13T15:51:53,1673625113,726940313
1645240,2023-01-13T15:52:04,1673625124,726940324
1645240,2023-01-13T15:52:10,1673625130,726940330
1645240,2023-01-13T15:52:19,1673625139,726940339
1645240,2023-01-13T15:52:28,1673625148,726940348
1645240,2023-01-13T15:52:40,1673625160,726940360
1645240,2023-01-13T15:52:47,1673625167,726940367
1645240,2023-01-13T15:52:57,1673625177,726940377
1645240,2023-01-13T15:53:04,1673625184,726940384
1645240,2023-01-13T15:53:13,1673625193,726940393
1645240,2023-01-13T15:53:20,1673625200,726940400
1645240,2023-01-13T15:53:29,1673625209,726940409
1645240,2023-01-13T15:53:40,1673625220,726940420
1645240,2023-01-13T15:53:50,1673625230,726940430
1645240,2023-01-13T15:54:01,1673625241,726940441
1645240,2023-01-13T15:54:15,1673625255,726940455
1645240,2023-01-13T15:54:21,1673625261,726940461
1645240,2023-01-13T15:54:32,1673625272,726940472
1645240,2023-01-13T15:54:40,1673625280,726940480
1645240,2023-01-13T15:54:52,1673625292,726940492
1645240,2023-01-13T15:55:01,1673625301,726940501
1645240,2023-01-13T15:55:16,1673625316,726940516
1645240,2023-01-13T15:55:25,1673625325,726940525
1645240,2023-01-13T15:55:35,1673625335,726940535
1645240,2023-01-13T15:55:45,1673625345,726940545
1645240,2023-01-13T15:55:59,1673625359,726940559
1645240,2023-01-13T15:56:09,1673625369,726940569
1645240,2023-01-13T15:56:29,1673625389,726940589
1645240,2023-01-13T15:56:46,1673625406,726940606
1645240,2023-01-13T15:57:11,1673625431,726940631
1645240,2023-01-13T15:57:27,1673625447,726940647
1645240,2023-01-13T15:57:52,1673625472,726940672
1645240,2023-01-13T15:58:14,1673625494,726940694
1645240,2023-01-13T15:58:59,1673625539,726940739
1645240,2023-01-13T15:59:39,1673625579,726940779
1645240,2023-01-13T16:00:25,1673625625,726940825
1645240,2023-01-13T16:00:58,1673625658,726940858
1645240,2023-01-13T16:01:52,1673625712,726940912
1645240,2023-01-13T16:02:49,1673625769,726940969
1645240,2023-01-13T16:04:16,1673625856,726941056
1645240,2023-01-13T16:06:09,1673625969,726941169
1645240,2023-01-13T16:10:17,1673626217,726941417
1645240,2023-01-18T17:57:34,1674064654,727379854
1645240,2023-01-18T17:59:22,1674064762,727379962
1645240,2023-01-18T18:00:35,1674064835,727380035
1645240,2023-01-18T18:43:15,1674067395,727382595
1645240,2023-01-18T18:43:40,1674067420,727382620
1645240,2023-01-18T18:44:03,1674067443,727382643
1645240,2023-01-18T18:44:25,1674067465,727382665
1645240,2023-01-18T18:46:03,1674067563,727382763
1645240,2023-01-18T18:49:32,1674067772,727382972
1645240,2023-01-23T17:39:59,1674495599,727810799
1645240,2023-01-23T17:41:25,1674495685,727810885
1645240,2023-01-23T17:43:59,1674495839,727811039
1645240,2023-01-23T17:46:56,1674496016,727811216
1645240,2023-01-23T17:50:14,1674496214,727811414
1645240,2023-01-23T18:04:50,1674497090,727812290
1645240,2023-01-23T18:43:44,1674499424,727814624
1645240,2023-01-23T18:46:39,1674499599,727814799
1645240,2023-01-23T19:15:09,1674501309,727816509
1645240,2023-01-23T19:19:35,1674501575,727816775
1645240,2023-01-23T19:25:08,1674501908,727817108
1645240,2023-01-23T19:26:35,1674501995,727817195
1645240,2023-01-23T19:40:08,1674502808,727818008
1645240,2023-01-23T19:45:26,1674503126,727818326
1645240,2023-01-24T05:09:38,1674536978,727852178
1645240,2023-01-24T19:44:24,1674589464,727904664
1645240,2023-01-24T19:45:36,1674589536,727904736
1645240,2023-01-24T19:46:27,1674589587,727904787
1645240,2023-01-24T19:47:06,1674589626,727904826
1645240,2023-01-24T19:47:24,1674589644,727904844
1645240,2023-01-24T19:47:44,1674589664,727904864
1645240,2023-01-24T19:47:59,1674589679,727904879
1645240,2023-01-24T19:48:15,1674589695,727904895
1645240,2023-01-24T19:48:29,1674589709,727904909
1645240,2023-01-24T19:48:40,1674589720,727904920
1645240,2023-01-24T19:48:48,1674589728,727904928
1645240,2023-01-24T19:48:57,1674589737,727904937
1645240,2023-01-24T19:49:03,1674589743,727904943
1645240,2023-01-24T19:49:11,1674589751,727904951
1645240,2023-01-24T19:49:16,1674589756,727904956
1645240,2023-01-24T19:49:27,1674589767,727904967
1645240,2023-01-24T19:49:35,1674589775,727904975
1645240,2023-01-24T19:49:50,1674589790,727904990
1645240,2023-01-24T19:49:58,1674589798,727904998
1645240,2023-01-24T19:50:08,1674589808,727905008
1645240,2023-01-24T19:50:17,1674589817,727905017
1645240,2023-01-24T19:50:29,1674589829,727905029
1645240,2023-01-24T19:50:37,1674589837,727905037
1645240,2023-01-24T19:50:51,1674589851,727905051
1645240,2023-01-24T19:51:06,1674589866,727905066
1645240,2023-01-24T19:51:29,1674589889,727905089
1645240,2023-01-24T19:53:59,1674590039,727905239
1645240,2023-01-24T19:54:49,1674590089,727905289
1645240,2023-01-24T20:02:05,1674590525,727905725
1645240,2023-01-25T14:10:03,1674655803,727971003
1645240,2023-01-25T14:11:21,1674655881,727971081
1645240,2023-01-25T14:12:50,1674655970,727971170
1645240,2023-01-25T14:13:42,1674656022,727971222
1645240,2023-01-25T14:14:25,1674656065,727971265
1645240,2023-01-25T14:15:05,1674656105,727971305
1645240,2023-01-25T14:15:54,1674656154,727971354
1645240,2023-01-25T14:16:30,1674656190,727971390
1645240,2023-01-25T14:17:12,1674656232,727971432
1645240,2023-01-25T14:17:45,1674656265,727971465
1645240,2023-01-25T14:18:25,1674656305,727971505
1645240,2023-01-25T14:18:50,1674656330,727971530
1645240,2023-01-25T14:19:23,1674656363,727971563
1645240,2023-01-25T14:19:50,1674656390,727971590
1645240,2023-01-25T14:20:24,1674656424,727971624
1645240,2023-01-25T14:20:49,1674656449,727971649
1645240,2023-01-25T14:21:13,1674656473,727971673
1645240,2023-01-25T14:21:32,1674656492,727971692
1645240,2023-01-25T14:21:55,1674656515,727971715
1645240,2023-01-25T14:22:12,1674656532,727971732
1645240,2023-01-25T14:22:42,1674656562,727971762
1645240,2023-01-25T14:23:07,1674656587,727971787
1645240,2023-01-25T14:23:45,1674656625,727971825
1645240,2023-01-25T14:24:25,1674656665,727971865
1645240,2023-01-25T14:25:22,1674656722,727971922
1645240,2023-01-25T14:26:15,1674656775,727971975
1645240,2023-01-25T14:28:35,1674656915,727972115
1645240,2023-01-25T14:35:47,1674657347,727972547
1645240,2023-01-25T17:35:38,1674668138,727983338
1645240,2023-01-25T17:37:44,1674668264,727983464
1645240,2023-01-25T17:38:56,1674668336,727983536
1645240,2023-01-25T17:39:59,1674668399,727983599
1645240,2023-01-25T17:41:59,1674668519,727983719
1645240,2023-01-25T17:43:39,1674668619,727983819
1645240,2023-01-25T17:54:02,1674669242,727984442
