1645240,2022-12-29T16:44:01,1672332241,725647441
1645240,2023-01-06T14:47:15,1673016435,726331635
1645240,2023-01-06T14:47:47,1673016467,726331667
1645240,2023-01-06T14:48:04,1673016484,726331684
1645240,2023-01-06T14:48:25,1673016505,726331705
1645240,2023-01-06T14:48:40,1673016520,726331720
1645240,2023-01-06T14:49:06,1673016546,726331746
1645240,2023-01-06T14:49:28,1673016568,726331768
1645240,2023-01-06T14:49:51,1673016591,726331791
1645240,2023-01-06T14:50:07,1673016607,726331807
1645240,2023-01-06T14:50:20,1673016620,726331820
1645240,2023-01-06T14:50:31,1673016631,726331831
1645240,2023-01-06T14:50:45,1673016645,726331845
1645240,2023-01-06T14:50:56,1673016656,726331856
1645240,2023-01-06T14:51:22,1673016682,726331882
1645240,2023-01-06T14:51:42,1673016702,726331902
1645240,2023-01-06T14:52:54,1673016774,726331974
1645240,2023-01-06T14:53:56,1673016836,726332036
1645240,2023-04-05T16:46:53,1680713213,734028413
1645240,2023-04-05T16:49:28,1680713368,734028568
1645240,2023-04-05T16:54:05,1680713645,734028845
1645240,2023-04-05T16:55:21,1680713721,734028921
1645240,2023-04-05T16:55:57,1680713757,734028957
1645240,2023-04-05T16:56:20,1680713780,734028980
1645240,2023-04-05T16:56:47,1680713807,734029007
1645240,2023-04-05T16:57:08,1680713828,734029028
1645240,2023-04-05T16:57:31,1680713851,734029051
1645240,2023-04-05T16:57:44,1680713864,734029064
1645240,2023-04-05T16:58:04,1680713884,734029084
1645240,2023-04-05T16:58:18,1680713898,734029098
1645240,2023-04-05T16:58:35,1680713915,734029115
1645240,2023-04-05T16:58:49,1680713929,734029129
1645240,2023-04-05T16:59:04,1680713944,734029144
1645240,2023-04-05T16:59:17,1680713957,734029157
1645240,2023-04-05T16:59:35,1680713975,734029175
1645240,2023-04-05T16:59:48,1680713988,734029188
1645240,2023-04-05T17:00:07,1680714007,734029207
1645240,2023-04-05T17:00:23,1680714023,734029223
1645240,2023-04-05T17:00:44,1680714044,734029244
1645240,2023-04-05T17:01:05,1680714065,734029265
1645240,2023-04-05T17:01:39,1680714099,734029299
1645240,2023-04-05T17:02:21,1680714141,734029341
1645240,2023-04-05T17:03:24,1680714204,734029404
1645240,2023-04-05T17:04:47,1680714287,734029487
1645240,2023-04-05T17:09:33,1680714573,734029773
1645240,2023-04-05T17:17:34,1680715054,734030254
1645240,2023-04-05T20:30:33,1680726633,734041833
1645240,2023-04-06T04:12:15,1680754335,734069535
1645240,2023-04-07T20:02:25,1680897745,734212945
1645240,2023-04-07T20:02:46,1680897766,734212966
1645240,2023-04-07T20:03:11,1680897791,734212991
1645240,2023-04-07T20:03:28,1680897808,734213008
1645240,2023-04-07T20:03:44,1680897824,734213024
1645240,2023-04-07T20:03:56,1680897836,734213036
1645240,2023-04-07T20:04:13,1680897853,734213053
1645240,2023-04-07T20:04:25,1680897865,734213065
1645240,2023-04-07T20:04:38,1680897878,734213078
1645240,2023-04-07T20:04:49,1680897889,734213089
1645240,2023-04-07T20:05:02,1680897902,734213102
1645240,2023-04-07T20:05:14,1680897914,734213114
1645240,2023-04-07T20:05:26,1680897926,734213126
1645240,2023-04-07T20:05:37,1680897937,734213137
1645240,2023-04-07T20:05:50,1680897950,734213150
1645240,2023-04-07T20:06:01,1680897961,734213161
1645240,2023-04-07T20:06:15,1680897975,734213175
1645240,2023-04-07T20:06:23,1680897983,734213183
1645240,2023-04-07T20:06:40,1680898000,734213200
1645240,2023-04-07T20:06:57,1680898017,734213217
1645240,2023-04-07T20:07:20,1680898040,734213240
1645240,2023-04-07T20:07:35,1680898055,734213255
1645240,2023-04-07T20:07:58,1680898078,734213278
1645240,2023-04-07T20:08:33,1680898113,734213313
1645240,2023-04-07T20:09:13,1680898153,734213353
1645240,2023-04-07T20:09:44,1680898184,734213384
1645240,2023-04-07T20:10:49,1680898249,734213449
1645240,2023-04-07T20:12:17,1680898337,734213537
1645240,2023-04-07T20:13:07,1680898387,734213587
1645240,2023-04-07T20:13:35,1680898415,734213615
1645240,2023-04-07T20:13:59,1680898439,734213639
1645240,2023-04-07T20:14:14,1680898454,734213654
1645240,2023-04-07T20:14:26,1680898466,734213666
1645240,2023-04-07T20:14:38,1680898478,734213678
1645240,2023-04-07T20:14:48,1680898488,734213688
1645240,2023-04-07T20:14:54,1680898494,734213694
1645240,2023-04-07T20:15:03,1680898503,734213703
1645240,2023-04-07T20:15:08,1680898508,734213708
1645240,2023-04-07T20:15:14,1680898514,734213714
1645240,2023-04-07T20:15:18,1680898518,734213718
1645240,2023-04-07T20:15:24,1680898524,734213724
1645240,2023-04-07T20:15:27,1680898527,734213727
1645240,2023-04-07T20:15:32,1680898532,734213732
1645240,2023-04-07T20:15:36,1680898536,734213736
1645240,2023-04-07T20:15:42,1680898542,734213742
1645240,2023-04-07T20:15:45,1680898545,734213745
1645240,2023-04-07T20:15:51,1680898551,734213751
1645240,2023-04-07T20:15:56,1680898556,734213756
1645240,2023-04-07T20:16:02,1680898562,734213762
1645240,2023-04-07T20:16:06,1680898566,734213766
1645240,2023-04-07T20:16:12,1680898572,734213772
1645240,2023-04-07T20:16:17,1680898577,734213777
1645240,2023-04-07T20:16:24,1680898584,734213784
1645240,2023-04-07T20:16:30,1680898590,734213790
1645240,2023-04-07T20:16:38,1680898598,734213798
1645240,2023-04-07T20:16:44,1680898604,734213804
1645240,2023-04-07T20:16:52,1680898612,734213812
1645240,2023-04-07T20:17:00,1680898620,734213820
1645240,2023-04-07T20:17:07,1680898627,734213827
1645240,2023-04-07T20:17:14,1680898634,734213834
1645240,2023-04-07T20:17:21,1680898641,734213841
1645240,2023-04-07T20:17:25,1680898645,734213845
1645240,2023-04-07T20:17:33,1680898653,734213853
1645240,2023-04-07T20:17:39,1680898659,734213859
1645240,2023-04-07T20:17:44,1680898664,734213864
1645240,2023-04-07T20:17:48,1680898668,734213868
1645240,2023-04-07T20:17:58,1680898678,734213878
1645240,2023-04-07T20:18:21,1680898701,734213901
1645240,2023-04-07T20:18:51,1680898731,734213931
1645240,2023-04-07T20:19:20,1680898760,734213960
1645240,2023-04-07T20:20:28,1680898828,734214028
1645240,2023-04-07T22:04:55,1680905095,734220295
1645240,2023-04-08T04:42:27,1680928947,734244147
1645240,2023-04-11T20:58:58,1681246738,734561938
1645240,2023-04-11T20:59:35,1681246775,734561975
1645240,2023-04-11T21:00:21,1681246821,734562021
1645240,2023-04-12T03:23:02,1681269782,734584982
1645240,2023-04-12T08:53:24,1681289604,734604804
1645240,2023-04-25T20:15:51,1682453751,735768951
1645240,2023-04-25T20:16:54,1682453814,735769014
1645240,2023-04-25T20:19:20,1682453960,735769160
1645240,2023-04-25T20:20:28,1682454028,735769228
1645240,2023-04-25T20:21:51,1682454111,735769311
1645240,2023-04-25T20:25:02,1682454302,735769502
1645240,2023-04-25T20:26:11,1682454371,735769571
1645240,2023-04-25T20:26:58,1682454418,735769618
1645240,2023-04-25T20:28:17,1682454497,735769697
1645240,2023-04-25T20:28:48,1682454528,735769728
1645240,2023-04-25T20:29:14,1682454554,735769754
1645240,2023-04-25T20:29:38,1682454578,735769778
1645240,2023-04-25T20:30:06,1682454606,735769806
1645240,2023-04-25T20:30:36,1682454636,735769836
1645240,2023-04-25T20:31:07,1682454667,735769867
1645240,2023-04-25T20:31:34,1682454694,735769894
1645240,2023-04-25T20:32:14,1682454734,735769934
1645240,2023-04-25T20:33:14,1682454794,735769994
1645240,2023-04-25T20:35:07,1682454907,735770107
1645240,2023-04-25T20:36:57,1682455017,735770217
1645240,2023-04-25T20:38:08,1682455088,735770288
1645240,2023-04-25T20:38:41,1682455121,735770321
1645240,2023-04-25T20:39:36,1682455176,735770376
1645240,2023-04-25T20:40:00,1682455200,735770400
1645240,2023-04-25T20:40:20,1682455220,735770420
1645240,2023-04-25T20:40:35,1682455235,735770435
1645240,2023-04-25T20:40:51,1682455251,735770451
1645240,2023-04-25T20:41:04,1682455264,735770464
1645240,2023-04-25T20:41:19,1682455279,735770479
1645240,2023-04-25T20:41:34,1682455294,735770494
1645240,2023-04-25T20:41:51,1682455311,735770511
1645240,2023-04-25T20:42:07,1682455327,735770527
1645240,2023-04-25T20:42:27,1682455347,735770547
1645240,2023-04-25T20:42:47,1682455367,735770567
1645240,2023-04-25T20:43:13,1682455393,735770593
1645240,2023-04-25T20:43:39,1682455419,735770619
1645240,2023-04-25T20:44:08,1682455448,735770648
1645240,2023-04-25T20:44:42,1682455482,735770682
1645240,2023-04-25T20:45:15,1682455515,735770715
1645240,2023-04-25T20:45:47,1682455547,735770747
1645240,2023-04-25T20:46:26,1682455586,735770786
1645240,2023-04-25T20:47:03,1682455623,735770823
1645240,2023-04-25T20:47:38,1682455658,735770858
1645240,2023-04-25T20:48:06,1682455686,735770886
1645240,2023-04-25T20:48:46,1682455726,735770926
1645240,2023-04-25T20:49:15,1682455755,735770955
1645240,2023-04-25T20:50:03,1682455803,735771003
1645240,2023-04-25T20:52:28,1682455948,735771148
1645240,2023-04-25T20:55:57,1682456157,735771357
1645240,2023-04-25T21:02:51,1682456571,735771771
1645240,2023-04-25T21:13:39,1682457219,735772419
1645240,2023-04-25T21:15:43,1682457343,735772543
1645240,2023-04-25T21:27:57,1682458077,735773277
1645240,2023-04-26T02:57:19,1682477839,735793039
1645240,2023-04-26T18:01:09,1682532069,735847269
1645240,2023-04-27T06:31:16,1682577076,735892276
1645240,2023-04-27T16:53:29,1682614409,735929609
1645240,2023-04-28T04:29:45,1682656185,735971385
1645240,2023-04-28T17:55:32,1682704532,736019732
1645240,2023-04-28T17:55:54,1682704554,736019754
1645240,2023-04-28T17:56:07,1682704567,736019767
1645240,2023-04-28T17:56:25,1682704585,736019785
1645240,2023-04-28T17:56:38,1682704598,736019798
1645240,2023-04-28T17:56:47,1682704607,736019807
1645240,2023-04-28T17:56:57,1682704617,736019817
1645240,2023-04-28T17:57:04,1682704624,736019824
1645240,2023-04-28T17:57:15,1682704635,736019835
1645240,2023-04-28T17:57:23,1682704643,736019843
1645240,2023-04-28T17:57:33,1682704653,736019853
1645240,2023-04-28T17:57:43,1682704663,736019863
1645240,2023-04-28T17:57:53,1682704673,736019873
1645240,2023-04-28T17:58:00,1682704680,736019880
1645240,2023-04-28T17:58:10,1682704690,736019890
1645240,2023-04-28T17:58:17,1682704697,736019897
1645240,2023-04-28T17:58:29,1682704709,736019909
1645240,2023-04-28T17:58:38,1682704718,736019918
1645240,2023-04-28T17:58:47,1682704727,736019927
1645240,2023-04-28T17:58:56,1682704736,736019936
1645240,2023-04-28T17:59:06,1682704746,736019946
1645240,2023-04-28T17:59:15,1682704755,736019955
1645240,2023-04-28T17:59:22,1682704762,736019962
1645240,2023-04-28T17:59:29,1682704769,736019969
1645240,2023-04-28T17:59:37,1682704777,736019977
1645240,2023-04-28T17:59:44,1682704784,736019984
1645240,2023-04-28T17:59:51,1682704791,736019991
1645240,2023-04-28T17:59:58,1682704798,736019998
1645240,2023-04-28T18:00:07,1682704807,736020007
1645240,2023-04-28T18:00:14,1682704814,736020014
1645240,2023-04-28T18:00:21,1682704821,736020021
1645240,2023-04-28T18:00:29,1682704829,736020029
1645240,2023-04-28T18:00:38,1682704838,736020038
1645240,2023-04-28T18:00:46,1682704846,736020046
1645240,2023-04-28T18:00:55,1682704855,736020055
1645240,2023-04-28T18:01:01,1682704861,736020061
1645240,2023-04-28T18:01:09,1682704869,736020069
1645240,2023-04-28T18:01:16,1682704876,736020076
1645240,2023-04-28T18:01:24,1682704884,736020084
1645240,2023-04-28T18:01:31,1682704891,736020091
1645240,2023-04-28T18:01:40,1682704900,736020100
1645240,2023-04-28T18:01:45,1682704905,736020105
1645240,2023-04-28T18:01:52,1682704912,736020112
1645240,2023-04-28T18:01:59,1682704919,736020119
1645240,2023-04-28T18:02:06,1682704926,736020126
1645240,2023-04-28T18:02:13,1682704933,736020133
1645240,2023-04-28T18:02:22,1682704942,736020142
1645240,2023-04-28T18:02:27,1682704947,736020147
1645240,2023-04-28T18:02:35,1682704955,736020155
1645240,2023-04-28T18:02:42,1682704962,736020162
1645240,2023-04-28T18:02:49,1682704969,736020169
1645240,2023-04-28T18:02:55,1682704975,736020175
1645240,2023-04-28T18:03:02,1682704982,736020182
1645240,2023-04-28T18:03:07,1682704987,736020187
1645240,2023-04-28T18:03:14,1682704994,736020194
1645240,2023-04-28T18:03:18,1682704998,736020198
1645240,2023-04-28T18:03:24,1682705004,736020204
1645240,2023-04-28T18:03:30,1682705010,736020210
1645240,2023-04-28T18:03:38,1682705018,736020218
1645240,2023-04-28T18:03:44,1682705024,736020224
1645240,2023-04-28T18:03:52,1682705032,736020232
1645240,2023-04-28T18:03:58,1682705038,736020238
1645240,2023-04-28T18:04:05,1682705045,736020245
1645240,2023-04-28T18:04:11,1682705051,736020251
1645240,2023-04-28T18:04:18,1682705058,736020258
1645240,2023-04-28T18:04:23,1682705063,736020263
1645240,2023-04-28T18:04:29,1682705069,736020269
1645240,2023-04-28T18:04:34,1682705074,736020274
1645240,2023-04-28T18:04:39,1682705079,736020279
1645240,2023-04-28T18:04:42,1682705082,736020282
1645240,2023-04-28T18:04:48,1682705088,736020288
1645240,2023-04-28T18:04:51,1682705091,736020291
1645240,2023-04-28T18:04:58,1682705098,736020298
1645240,2023-04-28T18:05:03,1682705103,736020303
1645240,2023-04-28T18:05:07,1682705107,736020307
1645240,2023-04-28T18:05:11,1682705111,736020311
1645240,2023-04-28T18:05:16,1682705116,736020316
1645240,2023-04-28T18:05:19,1682705119,736020319
1645240,2023-04-28T18:05:24,1682705124,736020324
1645240,2023-04-28T18:05:29,1682705129,736020329
1645240,2023-04-28T18:05:34,1682705134,736020334
1645240,2023-04-28T18:05:38,1682705138,736020338
1645240,2023-04-28T18:05:44,1682705144,736020344
1645240,2023-04-28T18:05:47,1682705147,736020347
1645240,2023-04-28T18:05:53,1682705153,736020353
1645240,2023-04-28T18:05:57,1682705157,736020357
1645240,2023-04-28T18:06:02,1682705162,736020362
1645240,2023-04-28T18:06:07,1682705167,736020367
1645240,2023-04-28T18:06:11,1682705171,736020371
1645240,2023-04-28T18:06:16,1682705176,736020376
1645240,2023-04-28T18:06:21,1682705181,736020381
1645240,2023-04-28T18:06:26,1682705186,736020386
1645240,2023-04-28T18:06:32,1682705192,736020392
1645240,2023-04-28T18:06:37,1682705197,736020397
1645240,2023-04-28T18:06:42,1682705202,736020402
1645240,2023-04-28T18:06:47,1682705207,736020407
1645240,2023-04-28T18:06:52,1682705212,736020412
1645240,2023-04-28T18:06:58,1682705218,736020418
1645240,2023-04-28T18:07:03,1682705223,736020423
1645240,2023-04-28T18:07:07,1682705227,736020427
1645240,2023-04-28T18:07:12,1682705232,736020432
1645240,2023-04-28T18:07:18,1682705238,736020438
1645240,2023-04-28T18:07:24,1682705244,736020444
1645240,2023-04-28T18:07:29,1682705249,736020449
1645240,2023-04-28T18:07:34,1682705254,736020454
1645240,2023-04-28T18:07:39,1682705259,736020459
1645240,2023-04-28T18:07:44,1682705264,736020464
1645240,2023-04-28T18:07:49,1682705269,736020469
1645240,2023-04-28T18:07:56,1682705276,736020476
1645240,2023-04-28T18:08:02,1682705282,736020482
1645240,2023-04-28T18:08:09,1682705289,736020489
1645240,2023-04-28T18:08:16,1682705296,736020496
1645240,2023-04-28T18:08:23,1682705303,736020503
1645240,2023-04-28T18:08:30,1682705310,736020510
1645240,2023-04-28T18:08:39,1682705319,736020519
1645240,2023-04-28T18:08:48,1682705328,736020528
1645240,2023-04-28T18:08:56,1682705336,736020536
1645240,2023-04-28T18:09:04,1682705344,736020544
1645240,2023-04-28T18:09:13,1682705353,736020553
1645240,2023-04-28T18:09:22,1682705362,736020562
1645240,2023-04-28T18:09:32,1682705372,736020572
1645240,2023-04-28T18:09:39,1682705379,736020579
1645240,2023-04-28T18:09:48,1682705388,736020588
1645240,2023-04-28T18:09:57,1682705397,736020597
1645240,2023-04-28T18:10:07,1682705407,736020607
1645240,2023-04-28T18:10:14,1682705414,736020614
1645240,2023-04-28T18:10:23,1682705423,736020623
1645240,2023-04-28T18:10:30,1682705430,736020630
1645240,2023-04-28T18:10:39,1682705439,736020639
1645240,2023-04-28T18:10:47,1682705447,736020647
1645240,2023-04-28T18:10:57,1682705457,736020657
1645240,2023-04-28T18:11:04,1682705464,736020664
1645240,2023-04-28T18:11:12,1682705472,736020672
1645240,2023-04-28T18:11:18,1682705478,736020678
1645240,2023-04-28T18:11:26,1682705486,736020686
1645240,2023-04-28T18:11:32,1682705492,736020692
1645240,2023-04-28T18:11:40,1682705500,736020700
1645240,2023-04-28T18:11:46,1682705506,736020706
1645240,2023-04-28T18:11:54,1682705514,736020714
1645240,2023-04-28T18:12:00,1682705520,736020720
1645240,2023-04-28T18:12:06,1682705526,736020726
1645240,2023-04-28T18:12:11,1682705531,736020731
1645240,2023-04-28T18:12:17,1682705537,736020737
1645240,2023-04-28T18:12:21,1682705541,736020741
1645240,2023-04-28T18:12:27,1682705547,736020747
1645240,2023-04-28T18:12:31,1682705551,736020751
1645240,2023-04-28T18:12:36,1682705556,736020756
1645240,2023-04-28T18:12:40,1682705560,736020760
1645240,2023-04-28T18:12:46,1682705566,736020766
1645240,2023-04-28T18:12:52,1682705572,736020772
1645240,2023-04-28T18:12:57,1682705577,736020777
1645240,2023-04-28T18:13:03,1682705583,736020783
1645240,2023-04-28T18:13:08,1682705588,736020788
1645240,2023-04-28T18:13:13,1682705593,736020793
1645240,2023-04-28T18:13:17,1682705597,736020797
1645240,2023-04-28T18:13:20,1682705600,736020800
1645240,2023-04-28T18:13:26,1682705606,736020806
1645240,2023-04-28T18:13:31,1682705611,736020811
1645240,2023-04-28T18:13:36,1682705616,736020816
1645240,2023-04-28T18:13:41,1682705621,736020821
1645240,2023-04-28T18:13:49,1682705629,736020829
1645240,2023-04-28T18:13:57,1682705637,736020837
1645240,2023-04-28T18:14:08,1682705648,736020848
1645240,2023-04-28T18:14:19,1682705659,736020859
1645240,2023-04-28T18:14:33,1682705673,736020873
1645240,2023-04-28T18:14:47,1682705687,736020887
1645240,2023-04-28T18:15:08,1682705708,736020908
1645240,2023-04-28T18:15:32,1682705732,736020932
1645240,2023-04-28T18:16:09,1682705769,736020969
1645240,2023-04-28T18:16:52,1682705812,736021012
1645240,2023-04-28T18:17:31,1682705851,736021051
1645240,2023-04-28T18:18:08,1682705888,736021088
1645240,2023-04-28T18:18:50,1682705930,736021130
1645240,2023-04-28T18:19:28,1682705968,736021168
1645240,2023-04-28T18:20:13,1682706013,736021213
1645240,2023-04-28T18:21:27,1682706087,736021287
1645240,2023-04-28T18:24:27,1682706267,736021467
1645240,2023-04-28T18:29:31,1682706571,736021771
1645240,2023-04-28T18:34:55,1682706895,736022095
1645240,2023-04-28T18:45:11,1682707511,736022711
1645240,2023-04-29T02:16:37,1682734597,736049797
1645240,2023-04-29T10:00:50,1682762450,736077650
1645240,2023-04-29T17:39:47,1682789987,736105187
1645240,2023-04-29T17:42:13,1682790133,736105333
1645240,2023-04-29T17:44:28,1682790268,736105468
1645240,2023-04-29T17:45:00,1682790300,736105500
1645240,2023-04-29T17:45:34,1682790334,736105534
1645240,2023-04-29T17:46:08,1682790368,736105568
1645240,2023-04-29T17:46:46,1682790406,736105606
1645240,2023-04-29T17:47:15,1682790435,736105635
1645240,2023-04-29T17:47:52,1682790472,736105672
1645240,2023-04-29T17:48:14,1682790494,736105694
1645240,2023-04-29T17:48:46,1682790526,736105726
1645240,2023-04-29T17:49:04,1682790544,736105744
1645240,2023-04-29T17:49:27,1682790567,736105767
1645240,2023-04-29T17:49:46,1682790586,736105786
1645240,2023-04-29T17:50:12,1682790612,736105812
1645240,2023-04-29T17:50:37,1682790637,736105837
1645240,2023-04-29T17:51:26,1682790686,736105886
1645240,2023-04-29T17:51:59,1682790719,736105919
1645240,2023-04-29T17:52:57,1682790777,736105977
1645240,2023-04-29T17:54:04,1682790844,736106044
1645240,2023-04-29T17:57:24,1682791044,736106244
1645240,2023-04-29T17:58:26,1682791106,736106306
1645240,2023-04-29T17:58:52,1682791132,736106332
1645240,2023-04-29T17:59:11,1682791151,736106351
1645240,2023-04-29T17:59:34,1682791174,736106374
1645240,2023-04-29T17:59:51,1682791191,736106391
1645240,2023-04-29T18:00:17,1682791217,736106417
1645240,2023-04-29T18:00:38,1682791238,736106438
1645240,2023-04-29T18:01:17,1682791277,736106477
1645240,2023-04-29T18:01:56,1682791316,736106516
1645240,2023-04-29T18:03:31,1682791411,736106611
1645240,2023-04-29T18:05:00,1682791500,736106700
1645240,2023-04-29T19:00:45,1682794845,736110045
1645240,2023-04-29T19:47:15,1682797635,736112835
1645240,2023-04-29T20:19:33,1682799573,736114773
1645240,2023-04-30T02:55:16,1682823316,736138516
1645240,2023-04-30T16:32:46,1682872366,736187566
1645240,2023-04-30T16:33:15,1682872395,736187595
1645240,2023-04-30T16:33:58,1682872438,736187638
1645240,2023-04-30T16:34:25,1682872465,736187665
1645240,2023-04-30T16:34:58,1682872498,736187698
1645240,2023-04-30T16:35:08,1682872508,736187708
1645240,2023-04-30T16:35:26,1682872526,736187726
1645240,2023-04-30T16:35:37,1682872537,736187737
1645240,2023-04-30T16:35:54,1682872554,736187754
1645240,2023-04-30T16:36:07,1682872567,736187767
1645240,2023-04-30T16:36:24,1682872584,736187784
1645240,2023-04-30T16:36:37,1682872597,736187797
1645240,2023-04-30T16:36:55,1682872615,736187815
1645240,2023-04-30T16:37:03,1682872623,736187823
1645240,2023-04-30T16:37:11,1682872631,736187831
1645240,2023-04-30T16:37:18,1682872638,736187838
1645240,2023-04-30T16:37:25,1682872645,736187845
1645240,2023-04-30T16:37:30,1682872650,736187850
1645240,2023-04-30T16:37:39,1682872659,736187859
1645240,2023-04-30T16:37:45,1682872665,736187865
1645240,2023-04-30T16:37:52,1682872672,736187872
1645240,2023-04-30T16:37:58,1682872678,736187878
1645240,2023-04-30T16:38:09,1682872689,736187889
1645240,2023-04-30T16:38:16,1682872696,736187896
1645240,2023-04-30T16:38:25,1682872705,736187905
1645240,2023-04-30T16:38:32,1682872712,736187912
1645240,2023-04-30T16:38:41,1682872721,736187921
1645240,2023-04-30T16:38:48,1682872728,736187928
1645240,2023-04-30T16:38:54,1682872734,736187934
1645240,2023-04-30T16:39:00,1682872740,736187940
1645240,2023-04-30T16:39:10,1682872750,736187950
1645240,2023-04-30T16:39:16,1682872756,736187956
1645240,2023-04-30T16:39:23,1682872763,736187963
1645240,2023-04-30T16:39:28,1682872768,736187968
1645240,2023-04-30T16:39:37,1682872777,736187977
1645240,2023-04-30T16:39:42,1682872782,736187982
1645240,2023-04-30T16:39:48,1682872788,736187988
1645240,2023-04-30T16:39:54,1682872794,736187994
1645240,2023-04-30T16:40:01,1682872801,736188001
1645240,2023-04-30T16:40:05,1682872805,736188005
1645240,2023-04-30T16:40:10,1682872810,736188010
1645240,2023-04-30T16:40:16,1682872816,736188016
1645240,2023-04-30T16:40:24,1682872824,736188024
1645240,2023-04-30T16:40:30,1682872830,736188030
1645240,2023-04-30T16:40:35,1682872835,736188035
1645240,2023-04-30T16:40:40,1682872840,736188040
1645240,2023-04-30T16:40:46,1682872846,736188046
1645240,2023-04-30T16:40:51,1682872851,736188051
1645240,2023-04-30T16:40:58,1682872858,736188058
1645240,2023-04-30T16:41:03,1682872863,736188063
1645240,2023-04-30T16:41:10,1682872870,736188070
1645240,2023-04-30T16:41:15,1682872875,736188075
1645240,2023-04-30T16:41:23,1682872883,736188083
1645240,2023-04-30T16:41:30,1682872890,736188090
1645240,2023-04-30T16:41:38,1682872898,736188098
1645240,2023-04-30T16:41:48,1682872908,736188108
1645240,2023-04-30T16:41:56,1682872916,736188116
1645240,2023-04-30T16:42:01,1682872921,736188121
1645240,2023-04-30T16:42:09,1682872929,736188129
1645240,2023-04-30T16:42:18,1682872938,736188138
1645240,2023-04-30T16:42:27,1682872947,736188147
1645240,2023-04-30T16:42:38,1682872958,736188158
1645240,2023-04-30T16:42:48,1682872968,736188168
1645240,2023-04-30T16:42:56,1682872976,736188176
1645240,2023-04-30T16:43:05,1682872985,736188185
1645240,2023-04-30T16:43:13,1682872993,736188193
1645240,2023-04-30T16:43:24,1682873004,736188204
1645240,2023-04-30T16:43:32,1682873012,736188212
1645240,2023-04-30T16:43:42,1682873022,736188222
1645240,2023-04-30T16:43:53,1682873033,736188233
1645240,2023-04-30T16:44:04,1682873044,736188244
1645240,2023-04-30T16:44:14,1682873054,736188254
1645240,2023-04-30T16:44:27,1682873067,736188267
1645240,2023-04-30T16:44:37,1682873077,736188277
1645240,2023-04-30T16:44:53,1682873093,736188293
1645240,2023-04-30T16:45:06,1682873106,736188306
1645240,2023-04-30T16:45:21,1682873121,736188321
1645240,2023-04-30T16:45:33,1682873133,736188333
1645240,2023-04-30T16:45:47,1682873147,736188347
1645240,2023-04-30T16:45:58,1682873158,736188358
1645240,2023-04-30T16:46:11,1682873171,736188371
1645240,2023-04-30T16:46:21,1682873181,736188381
1645240,2023-04-30T16:46:33,1682873193,736188393
1645240,2023-04-30T16:46:45,1682873205,736188405
1645240,2023-04-30T16:46:57,1682873217,736188417
1645240,2023-04-30T16:47:07,1682873227,736188427
1645240,2023-04-30T16:47:22,1682873242,736188442
1645240,2023-04-30T16:47:40,1682873260,736188460
1645240,2023-04-30T16:47:56,1682873276,736188476
1645240,2023-04-30T16:48:11,1682873291,736188491
1645240,2023-04-30T16:48:26,1682873306,736188506
1645240,2023-04-30T16:48:40,1682873320,736188520
1645240,2023-04-30T16:48:57,1682873337,736188537
1645240,2023-04-30T16:49:13,1682873353,736188553
1645240,2023-04-30T16:49:31,1682873371,736188571
1645240,2023-04-30T16:49:45,1682873385,736188585
1645240,2023-04-30T16:50:02,1682873402,736188602
1645240,2023-04-30T16:50:17,1682873417,736188617
1645240,2023-04-30T16:50:36,1682873436,736188636
1645240,2023-04-30T16:50:54,1682873454,736188654
1645240,2023-04-30T16:51:13,1682873473,736188673
1645240,2023-04-30T16:51:31,1682873491,736188691
1645240,2023-04-30T16:51:48,1682873508,736188708
1645240,2023-04-30T16:52:06,1682873526,736188726
1645240,2023-04-30T16:52:28,1682873548,736188748
1645240,2023-04-30T16:52:49,1682873569,736188769
1645240,2023-04-30T16:53:13,1682873593,736188793
1645240,2023-04-30T16:53:35,1682873615,736188815
1645240,2023-04-30T16:53:58,1682873638,736188838
1645240,2023-04-30T16:54:17,1682873657,736188857
1645240,2023-04-30T16:54:41,1682873681,736188881
1645240,2023-04-30T16:55:11,1682873711,736188911
1645240,2023-04-30T16:55:39,1682873739,736188939
1645240,2023-04-30T16:56:10,1682873770,736188970
1645240,2023-04-30T16:57:08,1682873828,736189028
1645240,2023-04-30T16:58:20,1682873900,736189100
1645240,2023-04-30T16:59:57,1682873997,736189197
1645240,2023-04-30T17:04:56,1682874296,736189496
1645240,2023-04-30T17:17:57,1682875077,736190277
1645240,2023-04-30T18:27:22,1682879242,736194442
1645240,2023-04-30T18:50:01,1682880601,736195801
1645240,2023-04-30T20:55:25,1682888125,736203325
1645240,2023-05-01T06:45:23,1682923523,736238723
1645240,2023-05-02T12:28:00,1683030480,736345680
1645240,2023-05-04T04:53:40,1683176020,736491220
1645240,2023-05-04T16:51:28,1683219088,736534288
1645240,2023-05-04T16:51:45,1683219105,736534305
1645240,2023-05-04T16:51:56,1683219116,736534316
1645240,2023-05-04T16:52:08,1683219128,736534328
1645240,2023-05-04T16:52:21,1683219141,736534341
1645240,2023-05-04T16:52:35,1683219155,736534355
1645240,2023-05-04T16:52:49,1683219169,736534369
1645240,2023-05-04T16:53:04,1683219184,736534384
1645240,2023-05-04T16:53:17,1683219197,736534397
1645240,2023-05-04T16:53:35,1683219215,736534415
1645240,2023-05-04T16:53:56,1683219236,736534436
1645240,2023-05-04T16:54:18,1683219258,736534458
1645240,2023-05-04T16:54:35,1683219275,736534475
1645240,2023-05-04T16:54:47,1683219287,736534487
1645240,2023-05-04T16:54:58,1683219298,736534498
1645240,2023-05-04T16:55:12,1683219312,736534512
1645240,2023-05-04T16:55:23,1683219323,736534523
1645240,2023-05-04T16:55:44,1683219344,736534544
1645240,2023-05-04T16:56:02,1683219362,736534562
1645240,2023-05-04T16:56:24,1683219384,736534584
1645240,2023-05-04T16:56:36,1683219396,736534596
1645240,2023-05-04T16:56:51,1683219411,736534611
1645240,2023-05-04T16:57:00,1683219420,736534620
1645240,2023-05-04T16:57:13,1683219433,736534633
1645240,2023-05-04T16:57:24,1683219444,736534644
1645240,2023-05-04T16:57:36,1683219456,736534656
1645240,2023-05-04T16:57:46,1683219466,736534666
1645240,2023-05-04T16:57:57,1683219477,736534677
1645240,2023-05-04T16:58:05,1683219485,736534685
1645240,2023-05-04T16:58:14,1683219494,736534694
1645240,2023-05-04T16:58:24,1683219504,736534704
1645240,2023-05-04T16:58:38,1683219518,736534718
1645240,2023-05-04T16:58:52,1683219532,736534732
1645240,2023-05-04T16:59:12,1683219552,736534752
1645240,2023-05-04T16:59:29,1683219569,736534769
1645240,2023-05-04T16:59:40,1683219580,736534780
1645240,2023-05-04T16:59:53,1683219593,736534793
1645240,2023-05-04T17:00:21,1683219621,736534821
1645240,2023-05-04T17:01:02,1683219662,736534862
1645240,2023-05-04T20:30:56,1683232256,736547456
1645240,2023-05-05T05:14:50,1683263690,736578890
1645240,2023-05-17T15:44:21,1684338261,737653461
1645240,2023-05-18T12:06:46,1684411606,737726806
1645240,2023-05-18T12:07:07,1684411627,737726827
1645240,2023-05-18T12:07:19,1684411639,737726839
1645240,2023-05-18T12:07:28,1684411648,737726848
1645240,2023-05-18T12:07:34,1684411654,737726854
1645240,2023-05-18T12:07:44,1684411664,737726864
1645240,2023-05-18T12:07:51,1684411671,737726871
1645240,2023-05-18T12:08:01,1684411681,737726881
1645240,2023-05-18T12:08:11,1684411691,737726891
1645240,2023-05-18T12:08:24,1684411704,737726904
1645240,2023-05-18T12:08:37,1684411717,737726917
1645240,2023-05-18T12:08:55,1684411735,737726935
1645240,2023-05-18T12:09:05,1684411745,737726945
1645240,2023-05-18T12:09:17,1684411757,737726957
1645240,2023-05-18T12:09:28,1684411768,737726968
1645240,2023-05-18T12:09:44,1684411784,737726984
1645240,2023-05-18T12:10:13,1684411813,737727013
1645240,2023-05-18T12:16:43,1684412203,737727403
1645240,2023-05-18T14:51:11,1684421471,737736671
1645240,2023-05-18T15:15:18,1684422918,737738118
1645240,2023-05-18T15:16:22,1684422982,737738182
1645240,2023-05-18T15:17:55,1684423075,737738275
1645240,2023-05-18T15:18:20,1684423100,737738300
1645240,2023-05-18T15:18:41,1684423121,737738321
1645240,2023-05-18T15:19:05,1684423145,737738345
1645240,2023-05-18T15:19:35,1684423175,737738375
1645240,2023-05-18T15:19:53,1684423193,737738393
1645240,2023-05-18T15:20:53,1684423253,737738453
1645240,2023-05-18T15:21:28,1684423288,737738488
1645240,2023-05-18T15:21:51,1684423311,737738511
1645240,2023-05-18T15:22:02,1684423322,737738522
1645240,2023-05-18T15:22:13,1684423333,737738533
1645240,2023-05-18T15:22:26,1684423346,737738546
1645240,2023-05-18T15:22:42,1684423362,737738562
1645240,2023-05-18T15:23:02,1684423382,737738582
1645240,2023-05-18T15:23:25,1684423405,737738605
1645240,2023-05-18T15:23:49,1684423429,737738629
1645240,2023-05-18T15:24:18,1684423458,737738658
1645240,2023-05-18T15:24:46,1684423486,737738686
1645240,2023-05-18T15:25:34,1684423534,737738734
1645240,2023-05-18T15:26:17,1684423577,737738777
1645240,2023-05-18T15:27:29,1684423649,737738849
1645240,2023-05-18T15:27:53,1684423673,737738873
1645240,2023-05-18T15:28:12,1684423692,737738892
1645240,2023-05-18T15:28:25,1684423705,737738905
1645240,2023-05-18T15:28:39,1684423719,737738919
1645240,2023-05-18T15:28:50,1684423730,737738930
1645240,2023-05-18T15:29:03,1684423743,737738943
1645240,2023-05-18T15:29:15,1684423755,737738955
1645240,2023-05-18T15:29:29,1684423769,737738969
1645240,2023-05-18T15:29:43,1684423783,737738983
1645240,2023-05-18T15:29:57,1684423797,737738997
1645240,2023-05-18T15:30:10,1684423810,737739010
1645240,2023-05-18T15:30:26,1684423826,737739026
1645240,2023-05-18T15:30:41,1684423841,737739041
1645240,2023-05-18T15:31:01,1684423861,737739061
1645240,2023-05-18T15:31:31,1684423891,737739091
1645240,2023-05-18T15:32:59,1684423979,737739179
1645240,2023-05-18T15:40:12,1684424412,737739612
1645240,2023-05-18T15:44:04,1684424644,737739844
1645240,2023-05-18T15:45:23,1684424723,737739923
1645240,2023-05-18T15:46:32,1684424792,737739992
1645240,2023-05-18T15:47:14,1684424834,737740034
1645240,2023-05-18T15:47:40,1684424860,737740060
1645240,2023-05-18T15:48:00,1684424880,737740080
1645240,2023-05-18T15:48:27,1684424907,737740107
1645240,2023-05-18T15:48:57,1684424937,737740137
1645240,2023-05-18T15:49:31,1684424971,737740171
1645240,2023-05-18T15:50:04,1684425004,737740204
1645240,2023-05-18T15:50:29,1684425029,737740229
1645240,2023-05-18T15:50:53,1684425053,737740253
1645240,2023-05-18T15:51:21,1684425081,737740281
1645240,2023-05-18T15:52:02,1684425122,737740322
1645240,2023-05-18T15:52:59,1684425179,737740379
1645240,2023-05-18T15:53:37,1684425217,737740417
1645240,2023-05-18T15:54:42,1684425282,737740482
1645240,2023-05-18T15:55:31,1684425331,737740531
1645240,2023-05-18T15:56:05,1684425365,737740565
1645240,2023-05-18T15:56:21,1684425381,737740581
1645240,2023-05-18T15:56:42,1684425402,737740602
1645240,2023-05-18T15:57:02,1684425422,737740622
1645240,2023-05-18T15:57:29,1684425449,737740649
1645240,2023-05-18T15:57:59,1684425479,737740679
1645240,2023-05-18T15:59:16,1684425556,737740756
1645240,2023-05-18T16:00:03,1684425603,737740803
1645240,2023-05-18T16:01:05,1684425665,737740865
1645240,2023-05-18T16:05:12,1684425912,737741112
1645240,2023-05-19T05:09:52,1684472992,737788192
1645240,2023-05-19T11:28:24,1684495704,737810904
1645240,2023-05-19T11:28:57,1684495737,737810937
1645240,2023-05-19T11:29:28,1684495768,737810968
1645240,2023-05-19T11:30:36,1684495836,737811036
1645240,2023-05-19T11:36:32,1684496192,737811392
1645240,2023-05-20T09:22:18,1684574538,737889738
1645240,2023-05-21T11:32:58,1684668778,737983978
1645240,2023-05-21T11:39:09,1684669149,737984349
1645240,2023-05-22T14:18:38,1684765118,738080318
1645240,2023-05-22T14:19:42,1684765182,738080382
1645240,2023-05-22T14:20:09,1684765209,738080409
1645240,2023-05-22T14:21:07,1684765267,738080467
1645240,2023-05-22T14:21:59,1684765319,738080519
1645240,2023-05-22T14:23:39,1684765419,738080619
1645240,2023-05-22T14:24:53,1684765493,738080693
1645240,2023-05-22T14:26:25,1684765585,738080785
1645240,2023-05-22T14:28:34,1684765714,738080914
1645240,2023-05-22T14:30:23,1684765823,738081023
1645240,2023-05-22T15:04:24,1684767864,738083064
1645240,2023-05-22T15:06:25,1684767985,738083185
1645240,2023-05-22T15:07:08,1684768028,738083228
1645240,2023-05-22T15:08:13,1684768093,738083293
1645240,2023-05-22T15:09:00,1684768140,738083340
1645240,2023-05-22T15:10:22,1684768222,738083422
1645240,2023-05-22T15:11:52,1684768312,738083512
1645240,2023-05-22T15:14:39,1684768479,738083679
1645240,2023-05-22T16:02:39,1684771359,738086559
1645240,2023-05-22T16:11:59,1684771919,738087119
1645240,2023-05-22T16:19:10,1684772350,738087550
1645240,2023-05-22T16:27:44,1684772864,738088064
1645240,2023-05-22T16:53:09,1684774389,738089589
1645240,2023-05-22T17:03:31,1684775011,738090211
1645240,2023-05-22T17:16:58,1684775818,738091018
1645240,2023-05-22T18:36:34,1684780594,738095794
1645240,2023-05-22T21:46:22,1684791982,738107182
1645240,2023-05-23T06:23:24,1684823004,738138204
1645240,2023-05-25T14:09:57,1685023797,738338997
1645240,2023-05-25T14:10:12,1685023812,738339012
1645240,2023-05-25T14:10:24,1685023824,738339024
1645240,2023-05-25T14:12:25,1685023945,738339145
1645240,2023-05-25T14:13:40,1685024020,738339220
1645240,2023-05-25T14:14:27,1685024067,738339267
1645240,2023-05-25T14:15:19,1685024119,738339319
1645240,2023-05-26T11:37:06,1685101026,738416226
1645240,2023-05-26T11:39:22,1685101162,738416362
1645240,2023-05-26T11:39:57,1685101197,738416397
1645240,2023-05-26T11:40:25,1685101225,738416425
1645240,2023-05-26T11:40:53,1685101253,738416453
1645240,2023-05-26T11:41:20,1685101280,738416480
1645240,2023-05-26T11:41:50,1685101310,738416510
1645240,2023-05-26T11:42:05,1685101325,738416525
1645240,2023-05-26T11:42:21,1685101341,738416541
1645240,2023-05-26T11:42:34,1685101354,738416554
1645240,2023-05-26T11:42:44,1685101364,738416564
1645240,2023-05-26T11:42:53,1685101373,738416573
1645240,2023-05-26T11:43:02,1685101382,738416582
1645240,2023-05-26T11:43:10,1685101390,738416590
1645240,2023-05-26T11:43:23,1685101403,738416603
1645240,2023-05-26T11:43:34,1685101414,738416614
1645240,2023-05-26T11:43:46,1685101426,738416626
1645240,2023-05-26T11:44:01,1685101441,738416641
1645240,2023-05-26T11:44:16,1685101456,738416656
1645240,2023-05-26T11:44:31,1685101471,738416671
1645240,2023-05-26T11:44:46,1685101486,738416686
1645240,2023-05-26T11:44:55,1685101495,738416695
1645240,2023-05-26T11:45:06,1685101506,738416706
1645240,2023-05-26T11:45:21,1685101521,738416721
1645240,2023-05-26T11:45:41,1685101541,738416741
1645240,2023-05-26T11:46:08,1685101568,738416768
1645240,2023-05-26T11:48:23,1685101703,738416903
1645240,2023-05-26T12:46:20,1685105180,738420380
1645240,2023-05-26T12:48:23,1685105303,738420503
1645240,2023-05-26T12:49:37,1685105377,738420577
1645240,2023-05-26T12:51:57,1685105517,738420717
1645240,2023-05-26T12:52:41,1685105561,738420761
1645240,2023-05-26T12:53:09,1685105589,738420789
1645240,2023-05-26T12:53:31,1685105611,738420811
1645240,2023-05-26T12:54:01,1685105641,738420841
1645240,2023-05-26T12:54:45,1685105685,738420885
1645240,2023-05-26T12:55:27,1685105727,738420927
1645240,2023-05-26T12:56:07,1685105767,738420967
1645240,2023-05-26T12:56:32,1685105792,738420992
1645240,2023-05-26T12:56:53,1685105813,738421013
1645240,2023-05-26T12:58:26,1685105906,738421106
1645240,2023-05-26T13:02:56,1685106176,738421376
1645240,2023-05-26T13:03:33,1685106213,738421413
1645240,2023-05-26T13:04:05,1685106245,738421445
1645240,2023-05-26T13:04:54,1685106294,738421494
1645240,2023-05-26T13:05:27,1685106327,738421527
1645240,2023-05-26T13:06:21,1685106381,738421581
1645240,2023-05-26T13:06:33,1685106393,738421593
1645240,2023-05-26T13:06:42,1685106402,738421602
1645240,2023-05-26T13:06:52,1685106412,738421612
1645240,2023-05-26T13:07:00,1685106420,738421620
1645240,2023-05-26T13:07:07,1685106427,738421627
1645240,2023-05-26T13:07:14,1685106434,738421634
1645240,2023-05-26T13:07:19,1685106439,738421639
1645240,2023-05-26T13:07:27,1685106447,738421647
1645240,2023-05-26T13:07:34,1685106454,738421654
1645240,2023-05-26T13:07:41,1685106461,738421661
1645240,2023-05-26T13:07:48,1685106468,738421668
1645240,2023-05-26T13:07:56,1685106476,738421676
1645240,2023-05-26T13:08:04,1685106484,738421684
1645240,2023-05-26T13:08:14,1685106494,738421694
1645240,2023-05-26T13:08:20,1685106500,738421700
1645240,2023-05-26T13:08:27,1685106507,738421707
1645240,2023-05-26T13:08:34,1685106514,738421714
1645240,2023-05-26T13:08:42,1685106522,738421722
1645240,2023-05-26T13:08:48,1685106528,738421728
1645240,2023-05-26T13:08:55,1685106535,738421735
1645240,2023-05-26T13:09:01,1685106541,738421741
1645240,2023-05-26T13:09:08,1685106548,738421748
1645240,2023-05-26T13:09:13,1685106553,738421753
1645240,2023-05-26T13:09:20,1685106560,738421760
1645240,2023-05-26T13:09:26,1685106566,738421766
1645240,2023-05-26T13:09:33,1685106573,738421773
1645240,2023-05-26T13:09:39,1685106579,738421779
1645240,2023-05-26T13:09:48,1685106588,738421788
1645240,2023-05-26T13:09:57,1685106597,738421797
1645240,2023-05-26T13:10:10,1685106610,738421810
1645240,2023-05-26T13:10:25,1685106625,738421825
1645240,2023-05-26T13:10:55,1685106655,738421855
1645240,2023-05-26T13:11:19,1685106679,738421879
1645240,2023-05-26T13:11:43,1685106703,738421903
1645240,2023-05-26T13:11:55,1685106715,738421915
1645240,2023-05-26T13:12:12,1685106732,738421932
1645240,2023-05-26T13:12:36,1685106756,738421956
1645240,2023-05-26T13:13:02,1685106782,738421982
1645240,2023-05-26T13:13:24,1685106804,738422004
1645240,2023-05-26T13:14:19,1685106859,738422059
1645240,2023-05-26T13:15:03,1685106903,738422103
1645240,2023-05-26T15:06:36,1685113596,738428796
1645240,2023-05-26T19:35:45,1685129745,738444945
1645240,2023-05-26T19:37:30,1685129850,738445050
1645240,2023-05-26T19:39:04,1685129944,738445144
1645240,2023-05-26T19:41:39,1685130099,738445299
1645240,2023-05-26T19:45:26,1685130326,738445526
1645240,2023-05-26T19:56:30,1685130990,738446190
1645240,2023-05-26T22:18:12,1685139492,738454692
1645240,2023-05-27T05:30:38,1685165438,738480638
1645240,2023-05-27T13:41:21,1685194881,738510081
1645240,2023-05-27T13:42:14,1685194934,738510134
1645240,2023-05-27T13:43:59,1685195039,738510239
1645240,2023-05-27T15:14:54,1685200494,738515694
1645240,2023-05-27T15:15:35,1685200535,738515735
1645240,2023-05-27T15:40:57,1685202057,738517257
1645240,2023-05-27T19:34:32,1685216072,738531272
1645240,2023-05-27T19:35:57,1685216157,738531357
1645240,2023-05-27T19:36:36,1685216196,738531396
1645240,2023-05-27T19:36:59,1685216219,738531419
1645240,2023-05-27T19:37:18,1685216238,738531438
1645240,2023-05-27T19:37:39,1685216259,738531459
1645240,2023-05-27T19:37:59,1685216279,738531479
1645240,2023-05-27T19:38:21,1685216301,738531501
1645240,2023-05-27T19:38:39,1685216319,738531519
1645240,2023-05-27T19:38:57,1685216337,738531537
1645240,2023-05-27T19:39:10,1685216350,738531550
1645240,2023-05-27T19:39:38,1685216378,738531578
1645240,2023-05-27T19:40:27,1685216427,738531627
1645240,2023-05-27T19:45:04,1685216704,738531904
1645240,2023-05-27T22:34:45,1685226885,738542085
1645240,2023-05-27T22:35:56,1685226956,738542156
1645240,2023-05-27T22:37:12,1685227032,738542232
1645240,2023-05-27T22:37:52,1685227072,738542272
1645240,2023-05-27T22:38:50,1685227130,738542330
1645240,2023-05-27T22:40:01,1685227201,738542401
1645240,2023-05-27T22:43:00,1685227380,738542580
1645240,2023-05-27T22:46:22,1685227582,738542782
1645240,2023-05-27T23:14:03,1685229243,738544443
1645240,2023-05-27T23:14:33,1685229273,738544473
1645240,2023-05-27T23:15:05,1685229305,738544505
1645240,2023-05-27T23:15:44,1685229344,738544544
1645240,2023-05-27T23:16:57,1685229417,738544617
1645240,2023-05-27T23:27:38,1685230058,738545258
1645240,2023-05-27T23:29:28,1685230168,738545368
1645240,2023-05-27T23:30:25,1685230225,738545425
1645240,2023-05-27T23:31:26,1685230286,738545486
1645240,2023-05-27T23:32:06,1685230326,738545526
1645240,2023-05-27T23:37:03,1685230623,738545823
1645240,2023-05-27T23:38:32,1685230712,738545912
1645240,2023-05-27T23:39:42,1685230782,738545982
1645240,2023-05-27T23:39:58,1685230798,738545998
1645240,2023-05-27T23:40:07,1685230807,738546007
1645240,2023-05-27T23:40:21,1685230821,738546021
1645240,2023-05-27T23:40:37,1685230837,738546037
1645240,2023-05-27T23:40:52,1685230852,738546052
1645240,2023-05-27T23:41:08,1685230868,738546068
1645240,2023-05-27T23:41:24,1685230884,738546084
1645240,2023-05-27T23:41:32,1685230892,738546092
1645240,2023-05-27T23:41:43,1685230903,738546103
1645240,2023-05-27T23:41:52,1685230912,738546112
1645240,2023-05-27T23:42:02,1685230922,738546122
1645240,2023-05-27T23:42:09,1685230929,738546129
1645240,2023-05-27T23:42:18,1685230938,738546138
1645240,2023-05-27T23:42:26,1685230946,738546146
1645240,2023-05-27T23:42:36,1685230956,738546156
1645240,2023-05-27T23:42:46,1685230966,738546166
1645240,2023-05-27T23:42:58,1685230978,738546178
1645240,2023-05-27T23:43:10,1685230990,738546190
1645240,2023-05-27T23:43:23,1685231003,738546203
1645240,2023-05-27T23:43:34,1685231014,738546214
1645240,2023-05-27T23:43:49,1685231029,738546229
1645240,2023-05-27T23:44:04,1685231044,738546244
1645240,2023-05-27T23:44:18,1685231058,738546258
1645240,2023-05-27T23:44:38,1685231078,738546278
1645240,2023-05-27T23:44:57,1685231097,738546297
1645240,2023-05-27T23:45:18,1685231118,738546318
1645240,2023-05-27T23:45:48,1685231148,738546348
1645240,2023-05-27T23:47:20,1685231240,738546440
1645240,2023-05-27T23:48:30,1685231310,738546510
1645240,2023-05-27T23:49:21,1685231361,738546561
1645240,2023-05-27T23:50:48,1685231448,738546648
1645240,2023-05-27T23:55:50,1685231750,738546950
1645240,2023-05-28T00:01:45,1685232105,738547305
1645240,2023-05-28T02:27:45,1685240865,738556065
1645240,2023-05-28T04:26:24,1685247984,738563184
1645240,2023-05-28T04:38:53,1685248733,738563933
1645240,2023-05-29T05:55:54,1685339754,738654954
1645240,2023-05-29T06:09:07,1685340547,738655747
1645240,2023-05-29T06:10:57,1685340657,738655857
1645240,2023-05-29T06:12:37,1685340757,738655957
1645240,2023-05-29T06:14:30,1685340870,738656070
1645240,2023-05-29T06:18:11,1685341091,738656291
1645240,2023-05-29T06:19:33,1685341173,738656373
1645240,2023-05-29T06:23:13,1685341393,738656593
1645240,2023-05-29T08:27:19,1685348839,738664039
1645240,2023-05-29T09:51:24,1685353884,738669084
1645240,2023-05-29T10:23:53,1685355833,738671033
1645240,2023-05-29T16:26:42,1685377602,738692802
1645240,2023-05-29T17:11:18,1685380278,738695478
1645240,2023-05-29T17:12:18,1685380338,738695538
1645240,2023-05-29T17:13:16,1685380396,738695596
1645240,2023-05-29T17:13:58,1685380438,738695638
1645240,2023-05-29T17:14:52,1685380492,738695692
1645240,2023-05-29T17:16:05,1685380565,738695765
1645240,2023-05-29T17:17:30,1685380650,738695850
1645240,2023-05-29T17:18:41,1685380721,738695921
1645240,2023-05-29T17:20:20,1685380820,738696020
1645240,2023-05-29T17:23:11,1685380991,738696191
1645240,2023-05-29T17:26:49,1685381209,738696409
1645240,2023-05-29T17:34:49,1685381689,738696889
1645240,2023-05-29T17:43:22,1685382202,738697402
1645240,2023-05-29T18:00:07,1685383207,738698407
1645240,2023-05-29T21:32:24,1685395944,738711144
1645240,2023-05-29T22:35:45,1685399745,738714945
1645240,2023-05-29T23:02:26,1685401346,738716546
1645240,2023-05-30T12:04:53,1685448293,738763493
1645240,2023-05-30T12:08:19,1685448499,738763699
1645240,2023-05-30T12:27:21,1685449641,738764841
1645240,2023-05-30T12:29:46,1685449786,738764986
1645240,2023-05-30T12:30:27,1685449827,738765027
1645240,2023-05-30T12:30:50,1685449850,738765050
1645240,2023-05-30T12:31:04,1685449864,738765064
1645240,2023-05-30T12:31:15,1685449875,738765075
1645240,2023-05-30T12:31:27,1685449887,738765087
1645240,2023-05-30T12:31:46,1685449906,738765106
1645240,2023-05-30T12:31:55,1685449915,738765115
1645240,2023-05-30T12:32:06,1685449926,738765126
1645240,2023-05-30T12:32:12,1685449932,738765132
1645240,2023-05-30T12:32:19,1685449939,738765139
1645240,2023-05-30T12:32:26,1685449946,738765146
1645240,2023-05-30T12:32:35,1685449955,738765155
1645240,2023-05-30T12:32:47,1685449967,738765167
1645240,2023-05-30T12:32:55,1685449975,738765175
1645240,2023-05-30T12:33:04,1685449984,738765184
1645240,2023-05-30T12:33:12,1685449992,738765192
1645240,2023-05-30T12:33:21,1685450001,738765201
1645240,2023-05-30T12:33:31,1685450011,738765211
1645240,2023-05-30T12:33:39,1685450019,738765219
1645240,2023-05-30T12:33:51,1685450031,738765231
1645240,2023-05-30T12:34:00,1685450040,738765240
1645240,2023-05-30T12:34:06,1685450046,738765246
1645240,2023-05-30T12:34:13,1685450053,738765253
1645240,2023-05-30T12:34:19,1685450059,738765259
1645240,2023-05-30T12:34:26,1685450066,738765266
1645240,2023-05-30T12:34:33,1685450073,738765273
1645240,2023-05-30T12:34:40,1685450080,738765280
1645240,2023-05-30T12:34:49,1685450089,738765289
1645240,2023-05-30T12:34:55,1685450095,738765295
1645240,2023-05-30T12:35:03,1685450103,738765303
1645240,2023-05-30T12:35:08,1685450108,738765308
1645240,2023-05-30T12:35:14,1685450114,738765314
1645240,2023-05-30T12:35:20,1685450120,738765320
1645240,2023-05-30T12:35:30,1685450130,738765330
1645240,2023-05-30T12:35:36,1685450136,738765336
1645240,2023-05-30T12:35:44,1685450144,738765344
1645240,2023-05-30T12:35:54,1685450154,738765354
1645240,2023-05-30T12:36:08,1685450168,738765368
1645240,2023-05-30T12:36:18,1685450178,738765378
1645240,2023-05-30T12:36:29,1685450189,738765389
1645240,2023-05-30T12:36:37,1685450197,738765397
1645240,2023-05-30T12:36:45,1685450205,738765405
1645240,2023-05-30T12:36:50,1685450210,738765410
1645240,2023-05-30T12:36:57,1685450217,738765417
1645240,2023-05-30T12:37:24,1685450244,738765444
1645240,2023-05-30T12:38:13,1685450293,738765493
1645240,2023-05-30T12:39:06,1685450346,738765546
1645240,2023-05-30T12:39:38,1685450378,738765578
1645240,2023-05-30T12:40:01,1685450401,738765601
1645240,2023-05-30T12:40:33,1685450433,738765633
1645240,2023-05-30T12:40:54,1685450454,738765654
1645240,2023-05-30T12:41:22,1685450482,738765682
1645240,2023-05-30T12:41:38,1685450498,738765698
1645240,2023-05-30T12:41:50,1685450510,738765710
1645240,2023-05-30T12:41:57,1685450517,738765717
1645240,2023-05-30T12:42:07,1685450527,738765727
1645240,2023-05-30T12:42:17,1685450537,738765737
1645240,2023-05-30T12:42:27,1685450547,738765747
1645240,2023-05-30T12:42:37,1685450557,738765757
1645240,2023-05-30T12:42:48,1685450568,738765768
1645240,2023-05-30T12:42:57,1685450577,738765777
1645240,2023-05-30T12:43:08,1685450588,738765788
1645240,2023-05-30T12:43:20,1685450600,738765800
1645240,2023-05-30T12:43:34,1685450614,738765814
1645240,2023-05-30T12:43:54,1685450634,738765834
1645240,2023-05-30T12:44:16,1685450656,738765856
1645240,2023-05-30T12:44:37,1685450677,738765877
1645240,2023-05-30T12:44:57,1685450697,738765897
1645240,2023-05-30T12:45:17,1685450717,738765917
1645240,2023-05-30T12:45:43,1685450743,738765943
1645240,2023-05-30T12:46:09,1685450769,738765969
1645240,2023-05-30T12:46:50,1685450810,738766010
1645240,2023-05-30T12:47:19,1685450839,738766039
1645240,2023-05-30T12:48:01,1685450881,738766081
1645240,2023-05-30T12:48:45,1685450925,738766125
1645240,2023-05-30T12:49:54,1685450994,738766194
1645240,2023-05-30T12:51:47,1685451107,738766307
1645240,2023-05-30T12:56:59,1685451419,738766619
1645240,2023-05-30T13:57:09,1685455029,738770229
1645240,2023-05-30T13:58:58,1685455138,738770338
1645240,2023-05-30T13:59:50,1685455190,738770390
1645240,2023-05-30T14:03:58,1685455438,738770638
1645240,2023-05-30T14:06:23,1685455583,738770783
1645240,2023-05-30T16:57:11,1685465831,738781031
1645240,2023-06-13T03:06:15,1686625575,739940775
1645240,2023-06-15T14:17:50,1686838670,740153870
1645240,2023-06-17T16:59:26,1687021166,740336366
1645240,2023-06-17T16:59:37,1687021177,740336377
1645240,2023-06-17T16:59:53,1687021193,740336393
1645240,2023-06-17T17:00:04,1687021204,740336404
1645240,2023-06-17T17:00:16,1687021216,740336416
1645240,2023-06-17T17:00:22,1687021222,740336422
1645240,2023-06-17T17:00:33,1687021233,740336433
1645240,2023-06-17T17:00:40,1687021240,740336440
1645240,2023-06-17T17:00:50,1687021250,740336450
1645240,2023-06-17T17:00:58,1687021258,740336458
1645240,2023-06-17T17:01:05,1687021265,740336465
1645240,2023-06-17T17:01:14,1687021274,740336474
1645240,2023-06-17T17:01:24,1687021284,740336484
1645240,2023-06-17T17:01:30,1687021290,740336490
1645240,2023-06-17T17:01:41,1687021301,740336501
1645240,2023-06-17T17:01:46,1687021306,740336506
1645240,2023-06-17T17:01:54,1687021314,740336514
1645240,2023-06-17T17:02:01,1687021321,740336521
1645240,2023-06-17T17:02:13,1687021333,740336533
1645240,2023-06-17T17:02:19,1687021339,740336539
1645240,2023-06-17T17:02:31,1687021351,740336551
1645240,2023-06-17T17:02:38,1687021358,740336558
1645240,2023-06-17T17:02:54,1687021374,740336574
1645240,2023-06-17T17:03:00,1687021380,740336580
1645240,2023-06-17T17:03:10,1687021390,740336590
1645240,2023-06-17T17:03:20,1687021400,740336600
1645240,2023-06-17T17:03:40,1687021420,740336620
1645240,2023-06-17T17:03:49,1687021429,740336629
1645240,2023-06-17T17:04:06,1687021446,740336646
1645240,2023-06-17T17:04:20,1687021460,740336660
1645240,2023-06-17T17:04:47,1687021487,740336687
1645240,2023-06-17T17:05:04,1687021504,740336704
1645240,2023-06-17T17:05:29,1687021529,740336729
1645240,2023-06-17T17:05:46,1687021546,740336746
1645240,2023-06-17T17:06:45,1687021605,740336805
1645240,2023-06-17T17:08:12,1687021692,740336892
1645240,2023-06-17T17:52:02,1687024322,740339522
1645240,2023-06-18T06:21:50,1687069310,740384510
1645240,2023-06-18T06:22:16,1687069336,740384536
1645240,2023-06-18T06:22:29,1687069349,740384549
1645240,2023-06-18T06:22:49,1687069369,740384569
1645240,2023-06-18T06:23:08,1687069388,740384588
1645240,2023-06-18T06:23:34,1687069414,740384614
1645240,2023-06-18T06:24:09,1687069449,740384649
1645240,2023-06-18T06:26:32,1687069592,740384792
1645240,2023-06-18T06:27:04,1687069624,740384824
1645240,2023-06-18T06:27:37,1687069657,740384857
1645240,2023-06-18T06:28:09,1687069689,740384889
1645240,2023-06-18T06:28:44,1687069724,740384924
1645240,2023-06-18T06:29:15,1687069755,740384955
1645240,2023-06-18T06:30:49,1687069849,740385049
1645240,2023-06-18T06:31:37,1687069897,740385097
1645240,2023-06-18T06:32:02,1687069922,740385122
1645240,2023-06-18T06:32:50,1687069970,740385170
1645240,2023-06-18T06:36:04,1687070164,740385364
1645240,2023-06-18T06:43:33,1687070613,740385813
1645240,2023-06-18T06:47:59,1687070879,740386079
1645240,2023-06-18T06:53:57,1687071237,740386437
1645240,2023-06-18T06:55:12,1687071312,740386512
1645240,2023-06-18T06:56:25,1687071385,740386585
1645240,2023-06-18T06:58:14,1687071494,740386694
1645240,2023-06-18T06:59:35,1687071575,740386775
1645240,2023-06-18T07:07:04,1687072024,740387224
1645240,2023-06-18T07:23:48,1687073028,740388228
1645240,2023-06-19T06:04:40,1687154680,740469880
1645240,2023-06-19T12:39:25,1687178365,740493565
1645240,2023-06-19T12:40:09,1687178409,740493609
1645240,2023-06-19T12:40:21,1687178421,740493621
1645240,2023-06-19T12:40:36,1687178436,740493636
1645240,2023-06-19T12:40:45,1687178445,740493645
1645240,2023-06-19T12:41:01,1687178461,740493661
1645240,2023-06-19T12:41:10,1687178470,740493670
1645240,2023-06-19T12:41:28,1687178488,740493688
1645240,2023-06-19T12:41:57,1687178517,740493717
1645240,2023-06-19T12:42:31,1687178551,740493751
1645240,2023-06-19T12:42:48,1687178568,740493768
1645240,2023-06-19T12:43:00,1687178580,740493780
1645240,2023-06-19T12:43:10,1687178590,740493790
1645240,2023-06-19T12:43:23,1687178603,740493803
1645240,2023-06-19T12:43:39,1687178619,740493819
1645240,2023-06-19T12:44:00,1687178640,740493840
1645240,2023-06-19T12:44:10,1687178650,740493850
1645240,2023-06-19T12:44:55,1687178695,740493895
1645240,2023-06-19T12:45:48,1687178748,740493948
1645240,2023-06-19T13:01:41,1687179701,740494901
1645240,2023-06-19T13:08:48,1687180128,740495328
1645240,2023-06-19T13:12:35,1687180355,740495555
1645240,2023-06-20T03:01:23,1687230083,740545283
1645240,2023-06-23T06:09:56,1687500596,740815796
1645240,2023-06-25T14:11:54,1687702314,741017514
1645240,2023-06-25T14:13:21,1687702401,741017601
1645240,2023-06-25T14:14:20,1687702460,741017660
1645240,2023-06-25T16:25:51,1687710351,741025551
1645240,2023-06-26T02:42:50,1687747370,741062570
