1641660,2022-12-21T12:10:23,1671624623,724939823
1641660,2022-12-21T12:29:12,1671625752,724940952
1641660,2022-12-21T12:53:14,1671627194,724942394
1641660,2022-12-21T12:53:25,1671627205,724942405
1641660,2022-12-21T12:58:01,1671627481,724942681
1641660,2022-12-21T12:59:35,1671627575,724942775
1641660,2022-12-21T12:59:35,1671627575,724942775
1641660,2022-12-21T13:01:13,1671627673,724942873
1641660,2022-12-21T13:01:13,1671627673,724942873
1641660,2022-12-21T13:01:20,1671627680,724942880
1641660,2022-12-21T13:01:21,1671627681,724942881
1641660,2022-12-21T16:34:46,1671640486,724955686
1641660,2022-12-21T16:34:52,1671640492,724955692
1641660,2022-12-21T16:34:53,1671640493,724955693
1641660,2022-12-21T16:34:54,1671640494,724955694
1641660,2022-12-21T16:34:54,1671640494,724955694
1641660,2022-12-21T16:34:55,1671640495,724955695
1641660,2022-12-21T16:35:01,1671640501,724955701
1641660,2022-12-21T16:35:02,1671640502,724955702
1641660,2022-12-21T18:01:52,1671645712,724960912
1641660,2022-12-21T18:02:01,1671645721,724960921
1641660,2022-12-29T15:55:59,1672329359,725644559
1641660,2022-12-29T15:56:20,1672329380,725644580
1641660,2022-12-29T15:56:22,1672329382,725644582
1641660,2022-12-29T15:56:23,1672329383,725644583
1641660,2022-12-29T15:56:37,1672329397,725644597
1641660,2022-12-29T15:56:37,1672329397,725644597
1641660,2022-12-29T15:56:38,1672329398,725644598
1641660,2022-12-29T15:56:41,1672329401,725644601
1641660,2022-12-29T16:12:16,1672330336,725645536
1641660,2022-12-29T16:12:18,1672330338,725645538
1641660,2022-12-29T16:12:19,1672330339,725645539
1641660,2022-12-29T16:12:22,1672330342,725645542
1641660,2022-12-29T16:18:33,1672330713,725645913
1641660,2022-12-29T16:18:56,1672330736,725645936
1641660,2022-12-29T16:19:03,1672330743,725645943
1641660,2022-12-29T16:19:37,1672330777,725645977
1641660,2022-12-29T16:19:38,1672330778,725645978
1641660,2022-12-29T16:19:41,1672330781,725645981
1641660,2022-12-29T16:19:49,1672330789,725645989
1641660,2022-12-29T16:19:55,1672330795,725645995
1641660,2022-12-29T16:20:03,1672330803,725646003
1641660,2022-12-29T16:20:09,1672330809,725646009
1641660,2022-12-29T16:22:38,1672330958,725646158
1641660,2022-12-29T16:22:41,1672330961,725646161
1641660,2022-12-29T16:23:09,1672330989,725646189
1641660,2022-12-29T16:23:09,1672330989,725646189
1641660,2022-12-29T16:23:10,1672330990,725646190
1641660,2022-12-29T16:23:20,1672331000,725646200
1641660,2022-12-29T16:23:23,1672331003,725646203
1641660,2022-12-29T16:23:30,1672331010,725646210
1641660,2022-12-29T16:23:31,1672331011,725646211
1641660,2022-12-29T16:23:39,1672331019,725646219
1641660,2022-12-29T16:23:40,1672331020,725646220
1641660,2022-12-29T16:23:46,1672331026,725646226
1641660,2022-12-29T16:23:52,1672331032,725646232
1641660,2022-12-29T16:23:57,1672331037,725646237
1641660,2022-12-29T16:24:03,1672331043,725646243
1641660,2022-12-29T16:24:11,1672331051,725646251
1641660,2022-12-29T16:24:11,1672331051,725646251
1641660,2022-12-29T16:24:12,1672331052,725646252
1641660,2022-12-29T16:24:52,1672331092,725646292
1641660,2022-12-29T16:25:26,1672331126,725646326
1641660,2022-12-29T16:29:00,1672331340,725646540
1641660,2022-12-29T16:29:12,1672331352,725646552
1641660,2022-12-29T16:29:42,1672331382,725646582
1641660,2022-12-29T16:29:43,1672331383,725646583
1641660,2022-12-29T16:29:44,1672331384,725646584
1641660,2022-12-29T16:29:45,1672331385,725646585
1641660,2022-12-29T16:29:48,1672331388,725646588
1641660,2022-12-29T16:30:31,1672331431,725646631
1641660,2022-12-29T16:30:38,1672331438,725646638
1641660,2022-12-29T16:30:39,1672331439,725646639
1641660,2022-12-29T16:30:40,1672331440,725646640
1641660,2022-12-29T16:31:51,1672331511,725646711
1641660,2022-12-29T16:31:54,1672331514,725646714
1641660,2022-12-29T16:32:01,1672331521,725646721
1641660,2022-12-29T16:32:10,1672331530,725646730
1641660,2022-12-29T16:32:11,1672331531,725646731
1641660,2022-12-29T16:32:12,1672331532,725646732
1641660,2022-12-29T16:32:15,1672331535,725646735
1641660,2022-12-29T16:32:15,1672331535,725646735
1641660,2022-12-29T16:32:16,1672331536,725646736
1641660,2022-12-29T16:32:18,1672331538,725646738
1641660,2022-12-29T16:32:19,1672331539,725646739
1641660,2022-12-29T16:32:28,1672331548,725646748
1641660,2022-12-29T16:32:30,1672331550,725646750
1641660,2022-12-29T16:32:31,1672331551,725646751
1641660,2022-12-29T16:32:55,1672331575,725646775
1641660,2022-12-29T16:32:56,1672331576,725646776
1641660,2022-12-29T16:32:57,1672331577,725646777
1641660,2022-12-29T16:32:58,1672331578,725646778
1641660,2022-12-29T16:32:59,1672331579,725646779
1641660,2022-12-29T16:33:21,1672331601,725646801
1641660,2022-12-29T16:33:21,1672331601,725646801
1641660,2022-12-29T16:33:23,1672331603,725646803
1641660,2022-12-29T16:33:38,1672331618,725646818
1641660,2022-12-29T16:33:39,1672331619,725646819
1641660,2022-12-29T16:33:40,1672331620,725646820
1641660,2022-12-29T16:33:41,1672331621,725646821
1641660,2022-12-29T16:33:42,1672331622,725646822
1641660,2022-12-29T16:34:53,1672331693,725646893
1641660,2022-12-29T16:34:54,1672331694,725646894
1641660,2022-12-29T16:34:55,1672331695,725646895
1641660,2022-12-29T16:34:58,1672331698,725646898
1641660,2022-12-29T16:36:26,1672331786,725646986
1641660,2022-12-29T16:36:34,1672331794,725646994
1641660,2022-12-29T16:36:35,1672331795,725646995
1641660,2022-12-29T16:36:41,1672331801,725647001
1641660,2022-12-29T16:36:42,1672331802,725647002
1641660,2022-12-29T16:36:45,1672331805,725647005
1641660,2022-12-29T16:36:45,1672331805,725647005
1641660,2022-12-29T16:36:46,1672331806,725647006
1641660,2022-12-29T16:36:50,1672331810,725647010
1641660,2022-12-29T16:36:51,1672331811,725647011
1641660,2022-12-29T16:37:00,1672331820,725647020
1641660,2022-12-29T16:37:01,1672331821,725647021
1641660,2022-12-29T16:37:02,1672331822,725647022
1641660,2022-12-29T16:37:04,1672331824,725647024
1641660,2022-12-29T16:37:05,1672331825,725647025
1641660,2022-12-29T16:37:07,1672331827,725647027
1641660,2022-12-29T16:37:07,1672331827,725647027
1641660,2022-12-29T16:37:08,1672331828,725647028
1641660,2022-12-29T16:37:10,1672331830,725647030
1641660,2022-12-29T16:37:12,1672331832,725647032
1641660,2022-12-29T16:37:12,1672331832,725647032
1641660,2022-12-29T16:37:14,1672331834,725647034
1641660,2022-12-29T16:38:47,1672331927,725647127
1641660,2022-12-29T16:39:06,1672331946,725647146
1641660,2022-12-29T16:39:06,1672331946,725647146
1641660,2022-12-29T16:39:12,1672331952,725647152
1641660,2022-12-29T16:39:42,1672331982,725647182
1641660,2022-12-29T16:39:43,1672331983,725647183
1641660,2022-12-29T16:39:50,1672331990,725647190
1641660,2022-12-29T16:39:54,1672331994,725647194
1641660,2022-12-29T16:39:56,1672331996,725647196
1641660,2022-12-29T16:42:09,1672332129,725647329
1641660,2022-12-29T16:42:13,1672332133,725647333
1641660,2022-12-29T16:42:23,1672332143,725647343
1641660,2022-12-29T16:42:43,1672332163,725647363
1641660,2022-12-29T16:42:44,1672332164,725647364
1641660,2022-12-29T16:43:11,1672332191,725647391
1641660,2022-12-29T16:43:29,1672332209,725647409
1641660,2022-12-29T16:43:30,1672332210,725647410
1641660,2022-12-29T16:43:38,1672332218,725647418
1641660,2022-12-29T16:43:42,1672332222,725647422
1641660,2022-12-29T16:43:43,1672332223,725647423
1641660,2022-12-29T16:43:45,1672332225,725647425
1641660,2022-12-29T16:44:14,1672332254,725647454
1641660,2022-12-29T16:44:28,1672332268,725647468
1641660,2022-12-29T16:44:35,1672332275,725647475
1641660,2022-12-29T16:44:40,1672332280,725647480
1641660,2022-12-29T16:44:50,1672332290,725647490
1641660,2022-12-29T16:44:52,1672332292,725647492
1641660,2022-12-29T16:44:56,1672332296,725647496
1641660,2022-12-29T16:44:59,1672332299,725647499
1641660,2022-12-29T16:45:04,1672332304,725647504
1641660,2022-12-29T16:45:10,1672332310,725647510
1641660,2022-12-29T16:45:11,1672332311,725647511
1641660,2022-12-29T16:45:14,1672332314,725647514
1641660,2022-12-29T16:45:16,1672332316,725647516
1641660,2022-12-29T16:45:17,1672332317,725647517
1641660,2022-12-29T16:45:23,1672332323,725647523
1641660,2022-12-29T16:45:26,1672332326,725647526
1641660,2022-12-29T16:45:26,1672332326,725647526
1641660,2022-12-29T16:45:30,1672332330,725647530
1641660,2022-12-29T16:45:35,1672332335,725647535
1641660,2022-12-29T16:46:03,1672332363,725647563
1641660,2022-12-29T16:46:05,1672332365,725647565
1641660,2022-12-29T16:46:08,1672332368,725647568
1641660,2022-12-29T16:46:14,1672332374,725647574
1641660,2022-12-29T16:46:17,1672332377,725647577
1641660,2022-12-29T16:46:39,1672332399,725647599
1641660,2022-12-29T16:46:39,1672332399,725647599
1641660,2022-12-29T16:46:41,1672332401,725647601
1641660,2022-12-29T16:47:40,1672332460,725647660
1641660,2022-12-29T16:47:42,1672332462,725647662
1641660,2022-12-29T16:47:46,1672332466,725647666
1641660,2022-12-29T16:47:47,1672332467,725647667
1641660,2022-12-29T16:47:52,1672332472,725647672
1641660,2022-12-29T16:47:53,1672332473,725647673
1641660,2022-12-29T16:48:00,1672332480,725647680
1641660,2022-12-29T16:48:05,1672332485,725647685
1641660,2022-12-29T16:48:12,1672332492,725647692
1641660,2022-12-29T16:48:18,1672332498,725647698
1641660,2022-12-29T16:48:21,1672332501,725647701
1641660,2022-12-29T16:48:22,1672332502,725647702
1641660,2022-12-29T16:48:38,1672332518,725647718
1641660,2022-12-29T16:48:39,1672332519,725647719
1641660,2022-12-29T16:48:41,1672332521,725647721
1641660,2022-12-29T16:48:43,1672332523,725647723
1641660,2022-12-29T16:48:50,1672332530,725647730
1641660,2022-12-30T08:21:31,1672388491,725703691
1641660,2023-01-04T15:47:10,1672847230,726162430
1641660,2023-01-04T15:47:16,1672847236,726162436
1641660,2023-01-06T14:46:56,1673016416,726331616
1641660,2023-01-06T14:47:40,1673016460,726331660
1641660,2023-01-06T14:47:54,1673016474,726331674
1641660,2023-01-06T14:48:11,1673016491,726331691
1641660,2023-01-06T14:48:26,1673016506,726331706
1641660,2023-01-06T14:48:49,1673016529,726331729
1641660,2023-01-06T14:49:04,1673016544,726331744
1641660,2023-01-06T14:49:26,1673016566,726331766
1641660,2023-01-06T14:49:37,1673016577,726331777
1641660,2023-01-06T14:49:50,1673016590,726331790
1641660,2023-01-06T14:49:57,1673016597,726331797
1641660,2023-01-06T14:50:11,1673016611,726331811
1641660,2023-01-06T14:50:22,1673016622,726331822
1641660,2023-01-06T14:50:32,1673016632,726331832
1641660,2023-01-06T14:50:41,1673016641,726331841
1641660,2023-01-06T14:50:54,1673016654,726331854
1641660,2023-01-06T14:51:02,1673016662,726331862
1641660,2023-01-06T14:51:20,1673016680,726331880
1641660,2023-01-06T14:51:54,1673016714,726331914
1641660,2023-01-06T14:52:09,1673016729,726331929
1641660,2023-01-06T14:52:19,1673016739,726331939
1641660,2023-01-06T14:52:35,1673016755,726331955
1641660,2023-01-06T14:52:50,1673016770,726331970
1641660,2023-01-06T14:53:23,1673016803,726332003
1641660,2023-01-06T14:54:17,1673016857,726332057
1641660,2023-01-06T14:57:57,1673017077,726332277
1641660,2023-01-09T14:15:12,1673273712,726588912
1641660,2023-04-05T16:43:03,1680712983,734028183
1641660,2023-04-05T16:46:21,1680713181,734028381
1641660,2023-04-05T16:50:04,1680713404,734028604
1641660,2023-04-05T16:53:33,1680713613,734028813
1641660,2023-04-05T16:54:52,1680713692,734028892
1641660,2023-04-05T16:55:13,1680713713,734028913
1641660,2023-04-05T16:55:35,1680713735,734028935
1641660,2023-04-05T16:55:54,1680713754,734028954
1641660,2023-04-05T16:56:20,1680713780,734028980
1641660,2023-04-05T16:56:32,1680713792,734028992
1641660,2023-04-05T16:56:53,1680713813,734029013
1641660,2023-04-05T16:57:06,1680713826,734029026
1641660,2023-04-05T16:57:26,1680713846,734029046
1641660,2023-04-05T16:57:35,1680713855,734029055
1641660,2023-04-05T16:57:55,1680713875,734029075
1641660,2023-04-05T16:58:08,1680713888,734029088
1641660,2023-04-05T16:58:25,1680713905,734029105
1641660,2023-04-05T16:58:37,1680713917,734029117
1641660,2023-04-05T16:58:55,1680713935,734029135
1641660,2023-04-05T16:59:07,1680713947,734029147
1641660,2023-04-05T16:59:30,1680713970,734029170
1641660,2023-04-05T16:59:48,1680713988,734029188
1641660,2023-04-05T17:00:14,1680714014,734029214
1641660,2023-04-05T17:00:40,1680714040,734029240
1641660,2023-04-05T17:01:49,1680714109,734029309
1641660,2023-04-05T17:02:54,1680714174,734029374
1641660,2023-04-05T17:04:35,1680714275,734029475
1641660,2023-04-05T17:06:28,1680714388,734029588
1641660,2023-04-05T17:14:13,1680714853,734030053
1641660,2023-04-05T23:23:51,1680737031,734052231
1641660,2023-04-06T07:28:51,1680766131,734081331
1641660,2023-04-07T19:54:05,1680897245,734212445
1641660,2023-04-07T20:02:43,1680897763,734212963
1641660,2023-04-07T20:03:04,1680897784,734212984
1641660,2023-04-07T20:03:29,1680897809,734213009
1641660,2023-04-07T20:03:39,1680897819,734213019
1641660,2023-04-07T20:03:57,1680897837,734213037
1641660,2023-04-07T20:04:10,1680897850,734213050
1641660,2023-04-07T20:04:26,1680897866,734213066
1641660,2023-04-07T20:04:37,1680897877,734213077
1641660,2023-04-07T20:04:52,1680897892,734213092
1641660,2023-04-07T20:05:03,1680897903,734213103
1641660,2023-04-07T20:05:18,1680897918,734213118
1641660,2023-04-07T20:05:30,1680897930,734213130
1641660,2023-04-07T20:05:46,1680897946,734213146
1641660,2023-04-07T20:06:00,1680897960,734213160
1641660,2023-04-07T20:06:24,1680897984,734213184
1641660,2023-04-07T20:06:43,1680898003,734213203
1641660,2023-04-07T20:07:11,1680898031,734213231
1641660,2023-04-07T20:07:28,1680898048,734213248
1641660,2023-04-07T20:07:54,1680898074,734213274
1641660,2023-04-07T20:08:19,1680898099,734213299
1641660,2023-04-07T20:09:17,1680898157,734213357
1641660,2023-04-07T20:09:55,1680898195,734213395
1641660,2023-04-07T20:11:13,1680898273,734213473
1641660,2023-04-07T20:12:43,1680898363,734213563
1641660,2023-04-07T20:13:38,1680898418,734213618
1641660,2023-04-07T20:14:00,1680898440,734213640
1641660,2023-04-07T20:14:24,1680898464,734213664
1641660,2023-04-07T20:14:34,1680898474,734213674
1641660,2023-04-07T20:14:49,1680898489,734213689
1641660,2023-04-07T20:14:56,1680898496,734213696
1641660,2023-04-07T20:15:05,1680898505,734213705
1641660,2023-04-07T20:15:14,1680898514,734213714
1641660,2023-04-07T20:15:23,1680898523,734213723
1641660,2023-04-07T20:15:28,1680898528,734213728
1641660,2023-04-07T20:15:35,1680898535,734213735
1641660,2023-04-07T20:15:38,1680898538,734213738
1641660,2023-04-07T20:15:44,1680898544,734213744
1641660,2023-04-07T20:15:49,1680898549,734213749
1641660,2023-04-07T20:15:56,1680898556,734213756
1641660,2023-04-07T20:16:00,1680898560,734213760
1641660,2023-04-07T20:16:08,1680898568,734213768
1641660,2023-04-07T20:16:13,1680898573,734213773
1641660,2023-04-07T20:16:21,1680898581,734213781
1641660,2023-04-07T20:16:28,1680898588,734213788
1641660,2023-04-07T20:16:35,1680898595,734213795
1641660,2023-04-07T20:16:41,1680898601,734213801
1641660,2023-04-07T20:16:48,1680898608,734213808
1641660,2023-04-07T20:16:54,1680898614,734213814
1641660,2023-04-07T20:17:04,1680898624,734213824
1641660,2023-04-07T20:17:09,1680898629,734213829
1641660,2023-04-07T20:17:16,1680898636,734213836
1641660,2023-04-07T20:17:20,1680898640,734213840
1641660,2023-04-07T20:17:27,1680898647,734213847
1641660,2023-04-07T20:17:32,1680898652,734213852
1641660,2023-04-07T20:17:44,1680898664,734213864
1641660,2023-04-07T20:17:57,1680898677,734213877
1641660,2023-04-07T20:18:12,1680898692,734213892
1641660,2023-04-07T20:18:18,1680898698,734213898
1641660,2023-04-07T20:18:26,1680898706,734213906
1641660,2023-04-07T20:18:33,1680898713,734213913
1641660,2023-04-07T20:18:45,1680898725,734213925
1641660,2023-04-07T20:18:53,1680898733,734213933
1641660,2023-04-07T20:19:23,1680898763,734213963
1641660,2023-04-07T20:20:20,1680898820,734214020
1641660,2023-04-07T23:43:13,1680910993,734226193
1641660,2023-04-08T04:31:11,1680928271,734243471
1641660,2023-04-11T20:59:04,1681246744,734561944
1641660,2023-04-11T21:00:38,1681246838,734562038
1641660,2023-04-12T11:49:38,1681300178,734615378
1641660,2023-04-25T20:16:42,1682453802,735769002
1641660,2023-04-25T20:20:26,1682454026,735769226
1641660,2023-04-25T20:21:40,1682454100,735769300
1641660,2023-04-25T20:25:28,1682454328,735769528
1641660,2023-04-25T20:26:23,1682454383,735769583
1641660,2023-04-25T20:28:04,1682454484,735769684
1641660,2023-04-25T20:29:00,1682454540,735769740
1641660,2023-04-25T20:29:37,1682454577,735769777
1641660,2023-04-25T20:30:03,1682454603,735769803
1641660,2023-04-25T20:30:32,1682454632,735769832
1641660,2023-04-25T20:30:57,1682454657,735769857
1641660,2023-04-25T20:31:40,1682454700,735769900
1641660,2023-04-25T20:32:09,1682454729,735769929
1641660,2023-04-25T20:33:10,1682454790,735769990
1641660,2023-04-25T20:34:41,1682454881,735770081
1641660,2023-04-25T20:37:16,1682455036,735770236
1641660,2023-04-25T20:38:25,1682455105,735770305
1641660,2023-04-25T20:39:37,1682455177,735770377
1641660,2023-04-25T20:40:23,1682455223,735770423
1641660,2023-04-25T20:40:51,1682455251,735770451
1641660,2023-04-25T20:41:06,1682455266,735770466
1641660,2023-04-25T20:41:27,1682455287,735770487
1641660,2023-04-25T20:41:40,1682455300,735770500
1641660,2023-04-25T20:42:05,1682455325,735770525
1641660,2023-04-25T20:42:24,1682455344,735770544
1641660,2023-04-25T20:42:50,1682455370,735770570
1641660,2023-04-25T20:43:14,1682455394,735770594
1641660,2023-04-25T20:43:45,1682455425,735770625
1641660,2023-04-25T20:44:13,1682455453,735770653
1641660,2023-04-25T20:44:56,1682455496,735770696
1641660,2023-04-25T20:45:24,1682455524,735770724
1641660,2023-04-25T20:46:05,1682455565,735770765
1641660,2023-04-25T20:46:37,1682455597,735770797
1641660,2023-04-25T20:47:12,1682455632,735770832
1641660,2023-04-25T20:47:40,1682455660,735770860
1641660,2023-04-25T20:48:28,1682455708,735770908
1641660,2023-04-25T20:48:54,1682455734,735770934
1641660,2023-04-25T20:49:40,1682455780,735770980
1641660,2023-04-25T20:50:50,1682455850,735771050
1641660,2023-04-25T20:55:45,1682456145,735771345
1641660,2023-04-25T21:01:35,1682456495,735771695
1641660,2023-04-25T21:14:29,1682457269,735772469
1641660,2023-04-25T21:28:15,1682458095,735773295
1641660,2023-04-26T05:28:35,1682486915,735802115
1641660,2023-04-26T17:59:18,1682531958,735847158
1641660,2023-04-27T16:51:07,1682614267,735929467
1641660,2023-04-28T02:51:29,1682650289,735965489
1641660,2023-04-28T17:55:25,1682704525,736019725
1641660,2023-04-28T17:56:01,1682704561,736019761
1641660,2023-04-28T17:56:15,1682704575,736019775
1641660,2023-04-28T17:56:26,1682704586,736019786
1641660,2023-04-28T17:56:40,1682704600,736019800
1641660,2023-04-28T17:56:49,1682704609,736019809
1641660,2023-04-28T17:57:02,1682704622,736019822
1641660,2023-04-28T17:57:10,1682704630,736019830
1641660,2023-04-28T17:57:22,1682704642,736019842
1641660,2023-04-28T17:57:28,1682704648,736019848
1641660,2023-04-28T17:57:41,1682704661,736019861
1641660,2023-04-28T17:57:50,1682704670,736019870
1641660,2023-04-28T17:58:00,1682704680,736019880
1641660,2023-04-28T17:58:08,1682704688,736019888
1641660,2023-04-28T17:58:18,1682704698,736019898
1641660,2023-04-28T17:58:24,1682704704,736019904
1641660,2023-04-28T17:58:33,1682704713,736019913
1641660,2023-04-28T17:58:40,1682704720,736019920
1641660,2023-04-28T17:58:50,1682704730,736019930
1641660,2023-04-28T17:58:57,1682704737,736019937
1641660,2023-04-28T17:59:07,1682704747,736019947
1641660,2023-04-28T17:59:19,1682704759,736019959
1641660,2023-04-28T17:59:26,1682704766,736019966
1641660,2023-04-28T17:59:35,1682704775,736019975
1641660,2023-04-28T17:59:43,1682704783,736019983
1641660,2023-04-28T17:59:50,1682704790,736019990
1641660,2023-04-28T17:59:58,1682704798,736019998
1641660,2023-04-28T18:00:05,1682704805,736020005
1641660,2023-04-28T18:00:15,1682704815,736020015
1641660,2023-04-28T18:00:21,1682704821,736020021
1641660,2023-04-28T18:00:30,1682704830,736020030
1641660,2023-04-28T18:00:36,1682704836,736020036
1641660,2023-04-28T18:00:45,1682704845,736020045
1641660,2023-04-28T18:00:49,1682704849,736020049
1641660,2023-04-28T18:00:55,1682704855,736020055
1641660,2023-04-28T18:00:59,1682704859,736020059
1641660,2023-04-28T18:01:08,1682704868,736020068
1641660,2023-04-28T18:01:17,1682704877,736020077
1641660,2023-04-28T18:01:26,1682704886,736020086
1641660,2023-04-28T18:01:33,1682704893,736020093
1641660,2023-04-28T18:01:43,1682704903,736020103
1641660,2023-04-28T18:01:48,1682704908,736020108
1641660,2023-04-28T18:01:56,1682704916,736020116
1641660,2023-04-28T18:02:05,1682704925,736020125
1641660,2023-04-28T18:02:13,1682704933,736020133
1641660,2023-04-28T18:02:21,1682704941,736020141
1641660,2023-04-28T18:02:27,1682704947,736020147
1641660,2023-04-28T18:02:34,1682704954,736020154
1641660,2023-04-28T18:02:42,1682704962,736020162
1641660,2023-04-28T18:02:47,1682704967,736020167
1641660,2023-04-28T18:02:56,1682704976,736020176
1641660,2023-04-28T18:03:03,1682704983,736020183
1641660,2023-04-28T18:03:10,1682704990,736020190
1641660,2023-04-28T18:03:18,1682704998,736020198
1641660,2023-04-28T18:03:24,1682705004,736020204
1641660,2023-04-28T18:03:31,1682705011,736020211
1641660,2023-04-28T18:03:38,1682705018,736020218
1641660,2023-04-28T18:03:43,1682705023,736020223
1641660,2023-04-28T18:03:50,1682705030,736020230
1641660,2023-04-28T18:03:55,1682705035,736020235
1641660,2023-04-28T18:04:04,1682705044,736020244
1641660,2023-04-28T18:04:08,1682705048,736020248
1641660,2023-04-28T18:04:15,1682705055,736020255
1641660,2023-04-28T18:04:21,1682705061,736020261
1641660,2023-04-28T18:04:26,1682705066,736020266
1641660,2023-04-28T18:04:30,1682705070,736020270
1641660,2023-04-28T18:04:36,1682705076,736020276
1641660,2023-04-28T18:04:41,1682705081,736020281
1641660,2023-04-28T18:04:47,1682705087,736020287
1641660,2023-04-28T18:04:52,1682705092,736020292
1641660,2023-04-28T18:04:59,1682705099,736020299
1641660,2023-04-28T18:05:04,1682705104,736020304
1641660,2023-04-28T18:05:10,1682705110,736020310
1641660,2023-04-28T18:05:18,1682705118,736020318
1641660,2023-04-28T18:05:24,1682705124,736020324
1641660,2023-04-28T18:05:28,1682705128,736020328
1641660,2023-04-28T18:05:35,1682705135,736020335
1641660,2023-04-28T18:05:39,1682705139,736020339
1641660,2023-04-28T18:05:46,1682705146,736020346
1641660,2023-04-28T18:05:53,1682705153,736020353
1641660,2023-04-28T18:06:00,1682705160,736020360
1641660,2023-04-28T18:06:06,1682705166,736020366
1641660,2023-04-28T18:06:14,1682705174,736020374
1641660,2023-04-28T18:06:18,1682705178,736020378
1641660,2023-04-28T18:06:25,1682705185,736020385
1641660,2023-04-28T18:06:30,1682705190,736020390
1641660,2023-04-28T18:06:36,1682705196,736020396
1641660,2023-04-28T18:06:43,1682705203,736020403
1641660,2023-04-28T18:06:50,1682705210,736020410
1641660,2023-04-28T18:06:55,1682705215,736020415
1641660,2023-04-28T18:07:03,1682705223,736020423
1641660,2023-04-28T18:07:09,1682705229,736020429
1641660,2023-04-28T18:07:16,1682705236,736020436
1641660,2023-04-28T18:07:21,1682705241,736020441
1641660,2023-04-28T18:07:29,1682705249,736020449
1641660,2023-04-28T18:07:35,1682705255,736020455
1641660,2023-04-28T18:07:42,1682705262,736020462
1641660,2023-04-28T18:07:48,1682705268,736020468
1641660,2023-04-28T18:07:55,1682705275,736020475
1641660,2023-04-28T18:08:02,1682705282,736020482
1641660,2023-04-28T18:08:10,1682705290,736020490
1641660,2023-04-28T18:08:18,1682705298,736020498
1641660,2023-04-28T18:08:28,1682705308,736020508
1641660,2023-04-28T18:08:34,1682705314,736020514
1641660,2023-04-28T18:08:43,1682705323,736020523
1641660,2023-04-28T18:08:50,1682705330,736020530
1641660,2023-04-28T18:09:00,1682705340,736020540
1641660,2023-04-28T18:09:06,1682705346,736020546
1641660,2023-04-28T18:09:15,1682705355,736020555
1641660,2023-04-28T18:09:22,1682705362,736020562
1641660,2023-04-28T18:09:31,1682705371,736020571
1641660,2023-04-28T18:09:37,1682705377,736020577
1641660,2023-04-28T18:09:47,1682705387,736020587
1641660,2023-04-28T18:09:55,1682705395,736020595
1641660,2023-04-28T18:10:05,1682705405,736020605
1641660,2023-04-28T18:10:14,1682705414,736020614
1641660,2023-04-28T18:10:23,1682705423,736020623
1641660,2023-04-28T18:10:30,1682705430,736020630
1641660,2023-04-28T18:10:42,1682705442,736020642
1641660,2023-04-28T18:10:50,1682705450,736020650
1641660,2023-04-28T18:11:00,1682705460,736020660
1641660,2023-04-28T18:11:06,1682705466,736020666
1641660,2023-04-28T18:11:16,1682705476,736020676
1641660,2023-04-28T18:11:21,1682705481,736020681
1641660,2023-04-28T18:11:30,1682705490,736020690
1641660,2023-04-28T18:11:36,1682705496,736020696
1641660,2023-04-28T18:11:44,1682705504,736020704
1641660,2023-04-28T18:11:49,1682705509,736020709
1641660,2023-04-28T18:11:56,1682705516,736020716
1641660,2023-04-28T18:12:02,1682705522,736020722
1641660,2023-04-28T18:12:09,1682705529,736020729
1641660,2023-04-28T18:12:13,1682705533,736020733
1641660,2023-04-28T18:12:17,1682705537,736020737
1641660,2023-04-28T18:12:20,1682705540,736020740
1641660,2023-04-28T18:12:26,1682705546,736020746
1641660,2023-04-28T18:12:30,1682705550,736020750
1641660,2023-04-28T18:12:36,1682705556,736020756
1641660,2023-04-28T18:12:40,1682705560,736020760
1641660,2023-04-28T18:12:47,1682705567,736020767
1641660,2023-04-28T18:12:51,1682705571,736020771
1641660,2023-04-28T18:12:56,1682705576,736020776
1641660,2023-04-28T18:13:00,1682705580,736020780
1641660,2023-04-28T18:13:05,1682705585,736020785
1641660,2023-04-28T18:13:10,1682705590,736020790
1641660,2023-04-28T18:13:18,1682705598,736020798
1641660,2023-04-28T18:13:24,1682705604,736020804
1641660,2023-04-28T18:13:35,1682705615,736020815
1641660,2023-04-28T18:13:44,1682705624,736020824
1641660,2023-04-28T18:13:59,1682705639,736020839
1641660,2023-04-28T18:14:12,1682705652,736020852
1641660,2023-04-28T18:14:28,1682705668,736020868
1641660,2023-04-28T18:14:42,1682705682,736020882
1641660,2023-04-28T18:15:09,1682705709,736020909
1641660,2023-04-28T18:15:33,1682705733,736020933
1641660,2023-04-28T18:16:22,1682705782,736020982
1641660,2023-04-28T18:16:57,1682705817,736021017
1641660,2023-04-28T18:17:38,1682705858,736021058
1641660,2023-04-28T18:18:09,1682705889,736021089
1641660,2023-04-28T18:19:01,1682705941,736021141
1641660,2023-04-28T18:19:53,1682705993,736021193
1641660,2023-04-28T18:21:42,1682706102,736021302
1641660,2023-04-28T18:25:05,1682706305,736021505
1641660,2023-04-28T18:32:13,1682706733,736021933
1641660,2023-04-28T18:40:14,1682707214,736022414
1641660,2023-04-29T05:12:34,1682745154,736060354
1641660,2023-04-29T17:21:48,1682788908,736104108
1641660,2023-04-29T17:40:42,1682790042,736105242
1641660,2023-04-29T17:45:28,1682790328,736105528
1641660,2023-04-29T17:47:26,1682790446,736105646
1641660,2023-04-29T17:48:26,1682790506,736105706
1641660,2023-04-29T17:49:52,1682790592,736105792
1641660,2023-04-29T17:50:28,1682790628,736105828
1641660,2023-04-29T17:51:54,1682790714,736105914
1641660,2023-04-29T17:52:40,1682790760,736105960
1641660,2023-04-29T17:54:04,1682790844,736106044
1641660,2023-04-29T17:55:14,1682790914,736106114
1641660,2023-04-29T17:56:08,1682790968,736106168
1641660,2023-04-29T17:56:41,1682791001,736106201
1641660,2023-04-29T17:57:31,1682791051,736106251
1641660,2023-04-29T17:58:04,1682791084,736106284
1641660,2023-04-29T17:58:49,1682791129,736106329
1641660,2023-04-29T17:59:21,1682791161,736106361
1641660,2023-04-29T17:59:47,1682791187,736106387
1641660,2023-04-29T18:00:07,1682791207,736106407
1641660,2023-04-29T18:00:31,1682791231,736106431
1641660,2023-04-29T18:00:49,1682791249,736106449
1641660,2023-04-29T18:01:13,1682791273,736106473
1641660,2023-04-29T18:01:54,1682791314,736106514
1641660,2023-04-29T18:03:57,1682791437,736106637
1641660,2023-04-29T18:07:28,1682791648,736106848
1641660,2023-04-29T19:56:06,1682798166,736113366
1641660,2023-04-29T20:25:38,1682799938,736115138
1641660,2023-04-30T15:13:51,1682867631,736182831
1641660,2023-04-30T16:33:22,1682872402,736187602
1641660,2023-04-30T16:34:38,1682872478,736187678
1641660,2023-04-30T16:35:10,1682872510,736187710
1641660,2023-04-30T16:35:28,1682872528,736187728
1641660,2023-04-30T16:35:43,1682872543,736187743
1641660,2023-04-30T16:36:09,1682872569,736187769
1641660,2023-04-30T16:36:29,1682872589,736187789
1641660,2023-04-30T16:36:44,1682872604,736187804
1641660,2023-04-30T16:36:58,1682872618,736187818
1641660,2023-04-30T16:37:08,1682872628,736187828
1641660,2023-04-30T16:37:17,1682872637,736187837
1641660,2023-04-30T16:37:24,1682872644,736187844
1641660,2023-04-30T16:37:33,1682872653,736187853
1641660,2023-04-30T16:37:40,1682872660,736187860
1641660,2023-04-30T16:37:56,1682872676,736187876
1641660,2023-04-30T16:38:04,1682872684,736187884
1641660,2023-04-30T16:38:11,1682872691,736187891
1641660,2023-04-30T16:38:21,1682872701,736187901
1641660,2023-04-30T16:38:28,1682872708,736187908
1641660,2023-04-30T16:38:37,1682872717,736187917
1641660,2023-04-30T16:38:45,1682872725,736187925
1641660,2023-04-30T16:38:50,1682872730,736187930
1641660,2023-04-30T16:38:57,1682872737,736187937
1641660,2023-04-30T16:39:04,1682872744,736187944
1641660,2023-04-30T16:39:11,1682872751,736187951
1641660,2023-04-30T16:39:18,1682872758,736187958
1641660,2023-04-30T16:39:26,1682872766,736187966
1641660,2023-04-30T16:39:33,1682872773,736187973
1641660,2023-04-30T16:39:41,1682872781,736187981
1641660,2023-04-30T16:39:47,1682872787,736187987
1641660,2023-04-30T16:39:55,1682872795,736187995
1641660,2023-04-30T16:40:02,1682872802,736188002
1641660,2023-04-30T16:40:07,1682872807,736188007
1641660,2023-04-30T16:40:11,1682872811,736188011
1641660,2023-04-30T16:40:17,1682872817,736188017
1641660,2023-04-30T16:40:22,1682872822,736188022
1641660,2023-04-30T16:40:27,1682872827,736188027
1641660,2023-04-30T16:40:30,1682872830,736188030
1641660,2023-04-30T16:40:36,1682872836,736188036
1641660,2023-04-30T16:40:44,1682872844,736188044
1641660,2023-04-30T16:40:51,1682872851,736188051
1641660,2023-04-30T16:40:57,1682872857,736188057
1641660,2023-04-30T16:41:02,1682872862,736188062
1641660,2023-04-30T16:41:08,1682872868,736188068
1641660,2023-04-30T16:41:14,1682872874,736188074
1641660,2023-04-30T16:41:19,1682872879,736188079
1641660,2023-04-30T16:41:25,1682872885,736188085
1641660,2023-04-30T16:41:31,1682872891,736188091
1641660,2023-04-30T16:41:39,1682872899,736188099
1641660,2023-04-30T16:41:46,1682872906,736188106
1641660,2023-04-30T16:41:54,1682872914,736188114
1641660,2023-04-30T16:42:00,1682872920,736188120
1641660,2023-04-30T16:42:07,1682872927,736188127
1641660,2023-04-30T16:42:16,1682872936,736188136
1641660,2023-04-30T16:42:23,1682872943,736188143
1641660,2023-04-30T16:42:30,1682872950,736188150
1641660,2023-04-30T16:42:37,1682872957,736188157
1641660,2023-04-30T16:42:46,1682872966,736188166
1641660,2023-04-30T16:42:56,1682872976,736188176
1641660,2023-04-30T16:43:06,1682872986,736188186
1641660,2023-04-30T16:43:16,1682872996,736188196
1641660,2023-04-30T16:43:24,1682873004,736188204
1641660,2023-04-30T16:43:35,1682873015,736188215
1641660,2023-04-30T16:43:43,1682873023,736188223
1641660,2023-04-30T16:43:55,1682873035,736188235
1641660,2023-04-30T16:44:04,1682873044,736188244
1641660,2023-04-30T16:44:13,1682873053,736188253
1641660,2023-04-30T16:44:23,1682873063,736188263
1641660,2023-04-30T16:44:34,1682873074,736188274
1641660,2023-04-30T16:44:45,1682873085,736188285
1641660,2023-04-30T16:44:54,1682873094,736188294
1641660,2023-04-30T16:45:09,1682873109,736188309
1641660,2023-04-30T16:45:23,1682873123,736188323
1641660,2023-04-30T16:45:35,1682873135,736188335
1641660,2023-04-30T16:45:47,1682873147,736188347
1641660,2023-04-30T16:46:01,1682873161,736188361
1641660,2023-04-30T16:46:14,1682873174,736188374
1641660,2023-04-30T16:46:28,1682873188,736188388
1641660,2023-04-30T16:46:43,1682873203,736188403
1641660,2023-04-30T16:46:52,1682873212,736188412
1641660,2023-04-30T16:47:03,1682873223,736188423
1641660,2023-04-30T16:47:12,1682873232,736188432
1641660,2023-04-30T16:47:26,1682873246,736188446
1641660,2023-04-30T16:47:40,1682873260,736188460
1641660,2023-04-30T16:47:57,1682873277,736188477
1641660,2023-04-30T16:48:14,1682873294,736188494
1641660,2023-04-30T16:48:32,1682873312,736188512
1641660,2023-04-30T16:48:49,1682873329,736188529
1641660,2023-04-30T16:49:09,1682873349,736188549
1641660,2023-04-30T16:49:26,1682873366,736188566
1641660,2023-04-30T16:49:42,1682873382,736188582
1641660,2023-04-30T16:50:00,1682873400,736188600
1641660,2023-04-30T16:50:19,1682873419,736188619
1641660,2023-04-30T16:50:36,1682873436,736188636
1641660,2023-04-30T16:51:00,1682873460,736188660
1641660,2023-04-30T16:51:21,1682873481,736188681
1641660,2023-04-30T16:51:43,1682873503,736188703
1641660,2023-04-30T16:52:03,1682873523,736188723
1641660,2023-04-30T16:52:30,1682873550,736188750
1641660,2023-04-30T16:52:54,1682873574,736188774
1641660,2023-04-30T16:53:22,1682873602,736188802
1641660,2023-04-30T16:53:48,1682873628,736188828
1641660,2023-04-30T16:54:10,1682873650,736188850
1641660,2023-04-30T16:54:36,1682873676,736188876
1641660,2023-04-30T16:55:03,1682873703,736188903
1641660,2023-04-30T16:55:50,1682873750,736188950
1641660,2023-04-30T16:56:51,1682873811,736189011
1641660,2023-04-30T16:58:08,1682873888,736189088
1641660,2023-04-30T17:01:14,1682874074,736189274
1641660,2023-04-30T17:09:59,1682874599,736189799
1641660,2023-04-30T17:43:13,1682876593,736191793
1641660,2023-04-30T18:34:06,1682879646,736194846
1641660,2023-04-30T19:00:33,1682881233,736196433
1641660,2023-05-01T06:34:55,1682922895,736238095
1641660,2023-05-02T12:25:43,1683030343,736345543
1641660,2023-05-03T16:43:03,1683132183,736447383
1641660,2023-05-04T16:51:00,1683219060,736534260
1641660,2023-05-04T16:51:30,1683219090,736534290
1641660,2023-05-04T16:51:47,1683219107,736534307
1641660,2023-05-04T16:52:12,1683219132,736534332
1641660,2023-05-04T16:52:23,1683219143,736534343
1641660,2023-05-04T16:52:40,1683219160,736534360
1641660,2023-05-04T16:52:49,1683219169,736534369
1641660,2023-05-04T16:53:03,1683219183,736534383
1641660,2023-05-04T16:53:14,1683219194,736534394
1641660,2023-05-04T16:53:29,1683219209,736534409
1641660,2023-05-04T16:53:37,1683219217,736534417
1641660,2023-05-04T16:53:49,1683219229,736534429
1641660,2023-05-04T16:53:55,1683219235,736534435
1641660,2023-05-04T16:54:04,1683219244,736534444
1641660,2023-05-04T16:54:14,1683219254,736534454
1641660,2023-05-04T16:54:37,1683219277,736534477
1641660,2023-05-04T16:54:53,1683219293,736534493
1641660,2023-05-04T16:55:06,1683219306,736534506
1641660,2023-05-04T16:55:15,1683219315,736534515
1641660,2023-05-04T16:55:27,1683219327,736534527
1641660,2023-05-04T16:55:38,1683219338,736534538
1641660,2023-05-04T16:55:53,1683219353,736534553
1641660,2023-05-04T16:56:10,1683219370,736534570
1641660,2023-05-04T16:56:27,1683219387,736534587
1641660,2023-05-04T16:56:41,1683219401,736534601
1641660,2023-05-04T16:57:00,1683219420,736534620
1641660,2023-05-04T16:57:11,1683219431,736534631
1641660,2023-05-04T16:57:24,1683219444,736534644
1641660,2023-05-04T16:57:32,1683219452,736534652
1641660,2023-05-04T16:57:46,1683219466,736534666
1641660,2023-05-04T16:57:53,1683219473,736534673
1641660,2023-05-04T16:58:06,1683219486,736534686
1641660,2023-05-04T16:58:14,1683219494,736534694
1641660,2023-05-04T16:58:23,1683219503,736534703
1641660,2023-05-04T16:58:32,1683219512,736534712
1641660,2023-05-04T16:58:47,1683219527,736534727
1641660,2023-05-04T16:58:56,1683219536,736534736
1641660,2023-05-04T16:59:09,1683219549,736534749
1641660,2023-05-04T16:59:18,1683219558,736534758
1641660,2023-05-04T16:59:29,1683219569,736534769
1641660,2023-05-04T16:59:37,1683219577,736534777
1641660,2023-05-04T16:59:46,1683219586,736534786
1641660,2023-05-04T16:59:55,1683219595,736534795
1641660,2023-05-04T17:00:10,1683219610,736534810
1641660,2023-05-04T17:00:23,1683219623,736534823
1641660,2023-05-04T17:01:08,1683219668,736534868
1641660,2023-05-04T17:02:55,1683219775,736534975
1641660,2023-05-05T07:08:30,1683270510,736585710
1641660,2023-05-17T15:41:49,1684338109,737653309
1641660,2023-05-18T07:31:47,1684395107,737710307
1641660,2023-05-18T12:06:06,1684411566,737726766
1641660,2023-05-18T12:06:26,1684411586,737726786
1641660,2023-05-18T12:06:41,1684411601,737726801
1641660,2023-05-18T12:07:00,1684411620,737726820
1641660,2023-05-18T12:07:09,1684411629,737726829
1641660,2023-05-18T12:07:22,1684411642,737726842
1641660,2023-05-18T12:07:31,1684411651,737726851
1641660,2023-05-18T12:07:43,1684411663,737726863
1641660,2023-05-18T12:07:55,1684411675,737726875
1641660,2023-05-18T12:08:17,1684411697,737726897
1641660,2023-05-18T12:08:37,1684411717,737726917
1641660,2023-05-18T12:08:55,1684411735,737726935
1641660,2023-05-18T12:09:15,1684411755,737726955
1641660,2023-05-18T12:09:41,1684411781,737726981
1641660,2023-05-18T12:10:51,1684411851,737727051
1641660,2023-05-18T14:48:07,1684421287,737736487
1641660,2023-05-18T15:13:54,1684422834,737738034
1641660,2023-05-18T15:16:02,1684422962,737738162
1641660,2023-05-18T15:17:20,1684423040,737738240
1641660,2023-05-18T15:18:12,1684423092,737738292
1641660,2023-05-18T15:18:36,1684423116,737738316
1641660,2023-05-18T15:19:19,1684423159,737738359
1641660,2023-05-18T15:20:18,1684423218,737738418
1641660,2023-05-18T15:20:52,1684423252,737738452
1641660,2023-05-18T15:21:15,1684423275,737738475
1641660,2023-05-18T15:21:33,1684423293,737738493
1641660,2023-05-18T15:21:46,1684423306,737738506
1641660,2023-05-18T15:22:07,1684423327,737738527
1641660,2023-05-18T15:22:26,1684423346,737738546
1641660,2023-05-18T15:22:59,1684423379,737738579
1641660,2023-05-18T15:23:22,1684423402,737738602
1641660,2023-05-18T15:24:10,1684423450,737738650
1641660,2023-05-18T15:24:43,1684423483,737738683
1641660,2023-05-18T15:25:50,1684423550,737738750
1641660,2023-05-18T15:26:58,1684423618,737738818
1641660,2023-05-18T15:27:30,1684423650,737738850
1641660,2023-05-18T15:27:42,1684423662,737738862
1641660,2023-05-18T15:28:01,1684423681,737738881
1641660,2023-05-18T15:28:12,1684423692,737738892
1641660,2023-05-18T15:28:25,1684423705,737738905
1641660,2023-05-18T15:28:36,1684423716,737738916
1641660,2023-05-18T15:28:51,1684423731,737738931
1641660,2023-05-18T15:29:03,1684423743,737738943
1641660,2023-05-18T15:29:21,1684423761,737738961
1641660,2023-05-18T15:29:35,1684423775,737738975
1641660,2023-05-18T15:29:59,1684423799,737738999
1641660,2023-05-18T15:30:16,1684423816,737739016
1641660,2023-05-18T15:31:12,1684423872,737739072
1641660,2023-05-18T15:38:23,1684424303,737739503
1641660,2023-05-18T15:43:22,1684424602,737739802
1641660,2023-05-18T15:44:20,1684424660,737739860
1641660,2023-05-18T15:45:59,1684424759,737739959
1641660,2023-05-18T15:46:23,1684424783,737739983
1641660,2023-05-18T15:46:52,1684424812,737740012
1641660,2023-05-18T15:47:12,1684424832,737740032
1641660,2023-05-18T15:47:41,1684424861,737740061
1641660,2023-05-18T15:48:08,1684424888,737740088
1641660,2023-05-18T15:48:47,1684424927,737740127
1641660,2023-05-18T15:49:21,1684424961,737740161
1641660,2023-05-18T15:49:53,1684424993,737740193
1641660,2023-05-18T15:50:15,1684425015,737740215
1641660,2023-05-18T15:50:51,1684425051,737740251
1641660,2023-05-18T15:51:45,1684425105,737740305
1641660,2023-05-18T15:52:44,1684425164,737740364
1641660,2023-05-18T15:53:28,1684425208,737740408
1641660,2023-05-18T15:54:51,1684425291,737740491
1641660,2023-05-18T15:55:29,1684425329,737740529
1641660,2023-05-18T15:55:59,1684425359,737740559
1641660,2023-05-18T15:56:22,1684425382,737740582
1641660,2023-05-18T15:56:59,1684425419,737740619
1641660,2023-05-18T15:57:44,1684425464,737740664
1641660,2023-05-18T15:59:11,1684425551,737740751
1641660,2023-05-18T16:00:03,1684425603,737740803
1641660,2023-05-18T16:22:27,1684426947,737742147
1641660,2023-05-19T10:36:04,1684492564,737807764
1641660,2023-05-19T11:27:58,1684495678,737810878
1641660,2023-05-19T11:28:20,1684495700,737810900
1641660,2023-05-19T11:29:11,1684495751,737810951
1641660,2023-05-19T11:34:24,1684496064,737811264
1641660,2023-05-20T09:20:49,1684574449,737889649
1641660,2023-05-21T11:35:38,1684668938,737984138
1641660,2023-05-22T14:18:48,1684765128,738080328
1641660,2023-05-22T14:19:23,1684765163,738080363
1641660,2023-05-22T14:19:56,1684765196,738080396
1641660,2023-05-22T14:20:30,1684765230,738080430
1641660,2023-05-22T14:21:35,1684765295,738080495
1641660,2023-05-22T14:22:44,1684765364,738080564
1641660,2023-05-22T14:24:39,1684765479,738080679
1641660,2023-05-22T14:25:29,1684765529,738080729
1641660,2023-05-22T14:26:36,1684765596,738080796
1641660,2023-05-22T14:27:41,1684765661,738080861
1641660,2023-05-22T14:29:20,1684765760,738080960
1641660,2023-05-22T14:30:43,1684765843,738081043
1641660,2023-05-22T15:05:13,1684767913,738083113
1641660,2023-05-22T15:06:20,1684767980,738083180
1641660,2023-05-22T15:07:12,1684768032,738083232
1641660,2023-05-22T15:07:47,1684768067,738083267
1641660,2023-05-22T15:08:44,1684768124,738083324
1641660,2023-05-22T15:09:25,1684768165,738083365
1641660,2023-05-22T15:10:57,1684768257,738083457
1641660,2023-05-22T15:13:09,1684768389,738083589
1641660,2023-05-22T16:09:30,1684771770,738086970
1641660,2023-05-22T16:14:11,1684772051,738087251
1641660,2023-05-22T16:24:57,1684772697,738087897
1641660,2023-05-22T16:33:23,1684773203,738088403
1641660,2023-05-22T17:00:20,1684774820,738090020
1641660,2023-05-22T17:09:13,1684775353,738090553
1641660,2023-05-22T18:15:47,1684779347,738094547
1641660,2023-05-22T19:45:35,1684784735,738099935
1641660,2023-05-23T09:10:32,1684833032,738148232
1641660,2023-05-25T11:03:31,1685012611,738327811
1641660,2023-05-25T11:04:20,1685012660,738327860
1641660,2023-05-25T14:09:20,1685023760,738338960
1641660,2023-05-25T14:09:44,1685023784,738338984
1641660,2023-05-25T14:09:52,1685023792,738338992
1641660,2023-05-25T14:10:03,1685023803,738339003
1641660,2023-05-25T14:11:36,1685023896,738339096
1641660,2023-05-25T14:13:20,1685024000,738339200
1641660,2023-05-25T14:13:56,1685024036,738339236
1641660,2023-05-25T14:18:33,1685024313,738339513
1641660,2023-05-26T11:35:33,1685100933,738416133
1641660,2023-05-26T11:38:24,1685101104,738416304
1641660,2023-05-26T11:39:44,1685101184,738416384
1641660,2023-05-26T11:40:28,1685101228,738416428
1641660,2023-05-26T11:40:58,1685101258,738416458
1641660,2023-05-26T11:41:30,1685101290,738416490
1641660,2023-05-26T11:41:42,1685101302,738416502
1641660,2023-05-26T11:41:58,1685101318,738416518
1641660,2023-05-26T11:42:09,1685101329,738416529
1641660,2023-05-26T11:42:23,1685101343,738416543
1641660,2023-05-26T11:42:34,1685101354,738416554
1641660,2023-05-26T11:42:48,1685101368,738416568
1641660,2023-05-26T11:43:02,1685101382,738416582
1641660,2023-05-26T11:43:18,1685101398,738416598
1641660,2023-05-26T11:43:26,1685101406,738416606
1641660,2023-05-26T11:43:39,1685101419,738416619
1641660,2023-05-26T11:43:47,1685101427,738416627
1641660,2023-05-26T11:44:01,1685101441,738416641
1641660,2023-05-26T11:44:11,1685101451,738416651
1641660,2023-05-26T11:44:28,1685101468,738416668
1641660,2023-05-26T11:44:38,1685101478,738416678
1641660,2023-05-26T11:44:53,1685101493,738416693
1641660,2023-05-26T11:45:09,1685101509,738416709
1641660,2023-05-26T11:45:37,1685101537,738416737
1641660,2023-05-26T11:46:12,1685101572,738416772
1641660,2023-05-26T12:45:06,1685105106,738420306
1641660,2023-05-26T12:46:19,1685105179,738420379
1641660,2023-05-26T12:48:45,1685105325,738420525
1641660,2023-05-26T12:48:59,1685105339,738420539
1641660,2023-05-26T12:51:54,1685105514,738420714
1641660,2023-05-26T12:52:38,1685105558,738420758
1641660,2023-05-26T12:52:58,1685105578,738420778
1641660,2023-05-26T12:53:14,1685105594,738420794
1641660,2023-05-26T12:54:06,1685105646,738420846
1641660,2023-05-26T12:54:58,1685105698,738420898
1641660,2023-05-26T12:55:49,1685105749,738420949
1641660,2023-05-26T12:56:07,1685105767,738420967
1641660,2023-05-26T12:56:43,1685105803,738421003
1641660,2023-05-26T12:58:25,1685105905,738421105
1641660,2023-05-26T13:02:32,1685106152,738421352
1641660,2023-05-26T13:02:50,1685106170,738421370
1641660,2023-05-26T13:03:20,1685106200,738421400
1641660,2023-05-26T13:03:49,1685106229,738421429
1641660,2023-05-26T13:04:53,1685106293,738421493
1641660,2023-05-26T13:05:35,1685106335,738421535
1641660,2023-05-26T13:06:06,1685106366,738421566
1641660,2023-05-26T13:06:13,1685106373,738421573
1641660,2023-05-26T13:06:24,1685106384,738421584
1641660,2023-05-26T13:06:31,1685106391,738421591
1641660,2023-05-26T13:06:42,1685106402,738421602
1641660,2023-05-26T13:06:48,1685106408,738421608
1641660,2023-05-26T13:06:56,1685106416,738421616
1641660,2023-05-26T13:07:03,1685106423,738421623
1641660,2023-05-26T13:07:14,1685106434,738421634
1641660,2023-05-26T13:07:19,1685106439,738421639
1641660,2023-05-26T13:07:30,1685106450,738421650
1641660,2023-05-26T13:07:39,1685106459,738421659
1641660,2023-05-26T13:07:48,1685106468,738421668
1641660,2023-05-26T13:07:53,1685106473,738421673
1641660,2023-05-26T13:08:02,1685106482,738421682
1641660,2023-05-26T13:08:07,1685106487,738421687
1641660,2023-05-26T13:08:16,1685106496,738421696
1641660,2023-05-26T13:08:21,1685106501,738421701
1641660,2023-05-26T13:08:33,1685106513,738421713
1641660,2023-05-26T13:08:42,1685106522,738421722
1641660,2023-05-26T13:08:54,1685106534,738421734
1641660,2023-05-26T13:09:00,1685106540,738421740
1641660,2023-05-26T13:09:12,1685106552,738421752
1641660,2023-05-26T13:09:20,1685106560,738421760
1641660,2023-05-26T13:09:35,1685106575,738421775
1641660,2023-05-26T13:09:56,1685106596,738421796
1641660,2023-05-26T13:10:48,1685106648,738421848
1641660,2023-05-26T13:11:26,1685106686,738421886
1641660,2023-05-26T13:12:28,1685106748,738421948
1641660,2023-05-26T13:12:47,1685106767,738421967
1641660,2023-05-26T13:13:41,1685106821,738422021
1641660,2023-05-26T13:14:38,1685106878,738422078
1641660,2023-05-26T19:34:38,1685129678,738444878
1641660,2023-05-26T19:35:50,1685129750,738444950
1641660,2023-05-26T19:37:04,1685129824,738445024
1641660,2023-05-26T19:37:50,1685129870,738445070
1641660,2023-05-26T19:39:16,1685129956,738445156
1641660,2023-05-26T19:41:41,1685130101,738445301
1641660,2023-05-26T19:52:47,1685130767,738445967
1641660,2023-05-26T19:56:25,1685130985,738446185
1641660,2023-05-27T03:16:15,1685157375,738472575
1641660,2023-05-27T13:40:35,1685194835,738510035
1641660,2023-05-27T13:42:56,1685194976,738510176
1641660,2023-05-27T15:14:09,1685200449,738515649
1641660,2023-05-27T15:15:20,1685200520,738515720
1641660,2023-05-27T15:40:02,1685202002,738517202
1641660,2023-05-27T19:33:28,1685216008,738531208
1641660,2023-05-27T19:33:47,1685216027,738531227
1641660,2023-05-27T19:34:48,1685216088,738531288
1641660,2023-05-27T19:35:03,1685216103,738531303
1641660,2023-05-27T19:35:38,1685216138,738531338
1641660,2023-05-27T19:35:52,1685216152,738531352
1641660,2023-05-27T19:36:10,1685216170,738531370
1641660,2023-05-27T19:36:24,1685216184,738531384
1641660,2023-05-27T19:36:44,1685216204,738531404
1641660,2023-05-27T19:36:58,1685216218,738531418
1641660,2023-05-27T19:37:16,1685216236,738531436
1641660,2023-05-27T19:37:29,1685216249,738531449
1641660,2023-05-27T19:37:50,1685216270,738531470
1641660,2023-05-27T19:38:03,1685216283,738531483
1641660,2023-05-27T19:38:25,1685216305,738531505
1641660,2023-05-27T19:38:49,1685216329,738531529
1641660,2023-05-27T19:40:50,1685216450,738531650
1641660,2023-05-27T22:33:47,1685226827,738542027
1641660,2023-05-27T22:35:15,1685226915,738542115
1641660,2023-05-27T22:36:16,1685226976,738542176
1641660,2023-05-27T22:37:57,1685227077,738542277
1641660,2023-05-27T22:38:49,1685227129,738542329
1641660,2023-05-27T22:41:26,1685227286,738542486
1641660,2023-05-27T22:43:54,1685227434,738542634
1641660,2023-05-27T23:13:02,1685229182,738544382
1641660,2023-05-27T23:13:19,1685229199,738544399
1641660,2023-05-27T23:14:18,1685229258,738544458
1641660,2023-05-27T23:16:33,1685229393,738544593
1641660,2023-05-27T23:28:41,1685230121,738545321
1641660,2023-05-27T23:29:24,1685230164,738545364
1641660,2023-05-27T23:30:38,1685230238,738545438
1641660,2023-05-27T23:33:28,1685230408,738545608
1641660,2023-05-27T23:37:50,1685230670,738545870
1641660,2023-05-27T23:38:41,1685230721,738545921
1641660,2023-05-27T23:39:49,1685230789,738545989
1641660,2023-05-27T23:39:59,1685230799,738545999
1641660,2023-05-27T23:40:21,1685230821,738546021
1641660,2023-05-27T23:40:38,1685230838,738546038
1641660,2023-05-27T23:40:50,1685230850,738546050
1641660,2023-05-27T23:40:57,1685230857,738546057
1641660,2023-05-27T23:41:10,1685230870,738546070
1641660,2023-05-27T23:41:21,1685230881,738546081
1641660,2023-05-27T23:41:32,1685230892,738546092
1641660,2023-05-27T23:41:40,1685230900,738546100
1641660,2023-05-27T23:41:52,1685230912,738546112
1641660,2023-05-27T23:41:59,1685230919,738546119
1641660,2023-05-27T23:42:11,1685230931,738546131
1641660,2023-05-27T23:42:22,1685230942,738546142
1641660,2023-05-27T23:42:38,1685230958,738546158
1641660,2023-05-27T23:42:49,1685230969,738546169
1641660,2023-05-27T23:43:06,1685230986,738546186
1641660,2023-05-27T23:43:20,1685231000,738546200
1641660,2023-05-27T23:43:37,1685231017,738546217
1641660,2023-05-27T23:43:51,1685231031,738546231
1641660,2023-05-27T23:44:10,1685231050,738546250
1641660,2023-05-27T23:44:28,1685231068,738546268
1641660,2023-05-27T23:44:56,1685231096,738546296
1641660,2023-05-27T23:46:16,1685231176,738546376
1641660,2023-05-27T23:47:07,1685231227,738546427
1641660,2023-05-27T23:47:38,1685231258,738546458
1641660,2023-05-27T23:48:32,1685231312,738546512
1641660,2023-05-27T23:49:31,1685231371,738546571
1641660,2023-05-27T23:52:56,1685231576,738546776
1641660,2023-05-27T23:55:58,1685231758,738546958
1641660,2023-05-28T01:03:49,1685235829,738551029
1641660,2023-05-28T04:05:16,1685246716,738561916
1641660,2023-05-28T04:35:42,1685248542,738563742
1641660,2023-05-28T04:56:20,1685249780,738564980
1641660,2023-05-29T06:03:48,1685340228,738655428
1641660,2023-05-29T06:09:14,1685340554,738655754
1641660,2023-05-29T06:11:35,1685340695,738655895
1641660,2023-05-29T06:13:25,1685340805,738656005
1641660,2023-05-29T06:18:06,1685341086,738656286
1641660,2023-05-29T06:19:41,1685341181,738656381
1641660,2023-05-29T07:07:35,1685344055,738659255
1641660,2023-05-29T09:31:18,1685352678,738667878
1641660,2023-05-29T09:58:12,1685354292,738669492
1641660,2023-05-29T10:23:03,1685355783,738670983
1641660,2023-05-29T17:08:51,1685380131,738695331
1641660,2023-05-29T17:09:16,1685380156,738695356
1641660,2023-05-29T17:10:27,1685380227,738695427
1641660,2023-05-29T17:11:06,1685380266,738695466
1641660,2023-05-29T17:11:58,1685380318,738695518
1641660,2023-05-29T17:12:45,1685380365,738695565
1641660,2023-05-29T17:13:40,1685380420,738695620
1641660,2023-05-29T17:14:17,1685380457,738695657
1641660,2023-05-29T17:15:47,1685380547,738695747
1641660,2023-05-29T17:16:48,1685380608,738695808
1641660,2023-05-29T17:18:15,1685380695,738695895
1641660,2023-05-29T17:19:56,1685380796,738695996
1641660,2023-05-29T17:23:26,1685381006,738696206
1641660,2023-05-29T17:27:00,1685381220,738696420
1641660,2023-05-29T17:38:58,1685381938,738697138
1641660,2023-05-29T17:46:06,1685382366,738697566
1641660,2023-05-29T18:03:32,1685383412,738698612
1641660,2023-05-29T21:29:12,1685395752,738710952
1641660,2023-05-29T22:36:30,1685399790,738714990
1641660,2023-05-29T22:51:09,1685400669,738715869
1641660,2023-05-30T06:55:42,1685429742,738744942
1641660,2023-05-30T12:03:54,1685448234,738763434
1641660,2023-05-30T12:07:03,1685448423,738763623
1641660,2023-05-30T12:10:21,1685448621,738763821
1641660,2023-05-30T12:26:35,1685449595,738764795
1641660,2023-05-30T12:27:11,1685449631,738764831
1641660,2023-05-30T12:27:42,1685449662,738764862
1641660,2023-05-30T12:28:03,1685449683,738764883
1641660,2023-05-30T12:28:49,1685449729,738764929
1641660,2023-05-30T12:29:14,1685449754,738764954
1641660,2023-05-30T12:29:52,1685449792,738764992
1641660,2023-05-30T12:30:25,1685449825,738765025
1641660,2023-05-30T12:30:41,1685449841,738765041
1641660,2023-05-30T12:30:56,1685449856,738765056
1641660,2023-05-30T12:31:14,1685449874,738765074
1641660,2023-05-30T12:31:26,1685449886,738765086
1641660,2023-05-30T12:31:41,1685449901,738765101
1641660,2023-05-30T12:31:50,1685449910,738765110
1641660,2023-05-30T12:32:01,1685449921,738765121
1641660,2023-05-30T12:32:10,1685449930,738765130
1641660,2023-05-30T12:32:22,1685449942,738765142
1641660,2023-05-30T12:32:33,1685449953,738765153
1641660,2023-05-30T12:32:44,1685449964,738765164
1641660,2023-05-30T12:32:50,1685449970,738765170
1641660,2023-05-30T12:33:03,1685449983,738765183
1641660,2023-05-30T12:33:11,1685449991,738765191
1641660,2023-05-30T12:33:23,1685450003,738765203
1641660,2023-05-30T12:33:28,1685450008,738765208
1641660,2023-05-30T12:33:36,1685450016,738765216
1641660,2023-05-30T12:33:41,1685450021,738765221
1641660,2023-05-30T12:33:52,1685450032,738765232
1641660,2023-05-30T12:34:14,1685450054,738765254
1641660,2023-05-30T12:34:23,1685450063,738765263
1641660,2023-05-30T12:34:30,1685450070,738765270
1641660,2023-05-30T12:34:40,1685450080,738765280
1641660,2023-05-30T12:34:47,1685450087,738765287
1641660,2023-05-30T12:34:59,1685450099,738765299
1641660,2023-05-30T12:35:06,1685450106,738765306
1641660,2023-05-30T12:35:28,1685450128,738765328
1641660,2023-05-30T12:36:00,1685450160,738765360
1641660,2023-05-30T12:36:17,1685450177,738765377
1641660,2023-05-30T12:36:21,1685450181,738765381
1641660,2023-05-30T12:36:32,1685450192,738765392
1641660,2023-05-30T12:36:54,1685450214,738765414
1641660,2023-05-30T12:37:43,1685450263,738765463
1641660,2023-05-30T12:38:33,1685450313,738765513
1641660,2023-05-30T12:38:55,1685450335,738765535
1641660,2023-05-30T12:39:16,1685450356,738765556
1641660,2023-05-30T12:39:49,1685450389,738765589
1641660,2023-05-30T12:40:07,1685450407,738765607
1641660,2023-05-30T12:40:41,1685450441,738765641
1641660,2023-05-30T12:40:56,1685450456,738765656
1641660,2023-05-30T12:41:09,1685450469,738765669
1641660,2023-05-30T12:41:27,1685450487,738765687
1641660,2023-05-30T12:41:42,1685450502,738765702
1641660,2023-05-30T12:41:47,1685450507,738765707
1641660,2023-05-30T12:41:56,1685450516,738765716
1641660,2023-05-30T12:42:00,1685450520,738765720
1641660,2023-05-30T12:42:09,1685450529,738765729
1641660,2023-05-30T12:42:16,1685450536,738765736
1641660,2023-05-30T12:42:27,1685450547,738765747
1641660,2023-05-30T12:42:36,1685450556,738765756
1641660,2023-05-30T12:42:48,1685450568,738765768
1641660,2023-05-30T12:42:57,1685450577,738765777
1641660,2023-05-30T12:43:09,1685450589,738765789
1641660,2023-05-30T12:43:20,1685450600,738765800
1641660,2023-05-30T12:43:41,1685450621,738765821
1641660,2023-05-30T12:43:57,1685450637,738765837
1641660,2023-05-30T12:44:18,1685450658,738765858
1641660,2023-05-30T12:44:34,1685450674,738765874
1641660,2023-05-30T12:45:12,1685450712,738765912
1641660,2023-05-30T12:45:35,1685450735,738765935
1641660,2023-05-30T12:46:07,1685450767,738765967
1641660,2023-05-30T12:46:30,1685450790,738765990
1641660,2023-05-30T12:47:04,1685450824,738766024
1641660,2023-05-30T12:47:28,1685450848,738766048
1641660,2023-05-30T12:48:11,1685450891,738766091
1641660,2023-05-30T12:48:56,1685450936,738766136
1641660,2023-05-30T12:51:17,1685451077,738766277
1641660,2023-05-30T12:53:01,1685451181,738766381
1641660,2023-05-30T13:54:33,1685454873,738770073
1641660,2023-05-30T13:58:10,1685455090,738770290
1641660,2023-05-30T13:59:18,1685455158,738770358
1641660,2023-05-30T14:04:17,1685455457,738770657
1641660,2023-05-30T14:07:23,1685455643,738770843
