8364236,2023-10-20T13:39:03,1697809143,751124343,-666.00,-666.00
8364236,2023-10-20T13:39:05,1697809145,751124345,-666.00,-666.00
8364236,2023-10-20T13:39:07,1697809147,751124347,-666.00,-666.00
8364236,2023-10-20T13:39:10,1697809150,751124350,-666.00,-666.00
8364236,2023-10-20T13:39:12,1697809152,751124352,-666.00,-666.00
8364236,2023-10-20T14:19:22,1697811562,751126762,-666.00,-666.00
8364236,2023-10-20T14:19:23,1697811563,751126763,-666.00,-666.00
8364236,2023-10-20T14:19:25,1697811565,751126765,-666.00,-666.00
8364236,2023-10-20T14:19:26,1697811566,751126766,-666.00,-666.00
8364236,2023-10-20T14:19:27,1697811567,751126767,-666.00,-666.00
8364236,2023-10-20T14:19:30,1697811570,751126770,-666.00,-666.00
8364236,2023-10-20T14:19:32,1697811572,751126772,-666.00,-666.00
8364236,2023-10-21T10:31:53,1697884313,751199513,26.11,100.00
8364236,2023-10-21T16:44:20,1697906660,751221860,26.13,100.00
8364236,2023-10-22T00:59:58,1697936398,751251598,26.16,100.00
8364236,2023-10-22T07:28:34,1697959714,751274914,26.13,100.00
8364236,2024-01-21T22:01:19,1705874479,759189679,-666.00,-666.00
8364236,2024-01-22T12:04:09,1705925049,759240249,-666.00,-666.00
8364236,2024-01-22T12:05:05,1705925105,759240305,-666.00,-666.00
8364236,2024-01-22T12:05:48,1705925148,759240348,-666.00,-666.00
8364236,2024-01-22T12:06:11,1705925171,759240371,-666.00,-666.00
8364236,2024-01-22T12:06:23,1705925183,759240383,-666.00,-666.00
8364236,2024-01-22T12:06:31,1705925191,759240391,-666.00,-666.00
8364236,2024-01-22T12:06:41,1705925201,759240401,-666.00,-666.00
8364236,2024-01-22T12:06:56,1705925216,759240416,-666.00,-666.00
8364236,2024-01-22T12:07:10,1705925230,759240430,-666.00,-666.00
8364236,2024-01-22T12:07:27,1705925247,759240447,-666.00,-666.00
8364236,2024-01-22T12:08:03,1705925283,759240483,-666.00,-666.00
8364236,2024-01-22T12:08:47,1705925327,759240527,-666.00,-666.00
8364236,2024-01-22T12:09:05,1705925345,759240545,-666.00,-666.00
8364236,2024-01-22T12:09:27,1705925367,759240567,-666.00,-666.00
8364236,2024-01-22T12:09:42,1705925382,759240582,-666.00,-666.00
8364236,2024-01-22T12:09:59,1705925399,759240599,-666.00,-666.00
8364236,2024-01-22T12:10:15,1705925415,759240615,-666.00,-666.00
8364236,2024-01-22T12:10:28,1705925428,759240628,-666.00,-666.00
8364236,2024-01-22T12:10:41,1705925441,759240641,-666.00,-666.00
8364236,2024-01-22T12:10:59,1705925459,759240659,-666.00,-666.00
8364236,2024-01-22T12:11:20,1705925480,759240680,-666.00,-666.00
8364236,2024-01-22T12:11:41,1705925501,759240701,-666.00,-666.00
8364236,2024-01-22T12:12:07,1705925527,759240727,-666.00,-666.00
8364236,2024-01-22T12:13:25,1705925605,759240805,-666.00,-666.00
8364236,2024-01-22T20:56:41,1705957001,759272201,-666.00,-666.00
8364236,2024-02-22T13:01:44,1708606904,761922104,-666.00,-666.00
8364236,2024-02-22T13:02:12,1708606932,761922132,-666.00,-666.00
8364236,2024-02-22T13:02:24,1708606944,761922144,-666.00,-666.00
8364236,2024-02-22T13:02:34,1708606954,761922154,-666.00,-666.00
8364236,2024-02-22T13:02:44,1708606964,761922164,-666.00,-666.00
8364236,2024-02-22T13:02:53,1708606973,761922173,-666.00,-666.00
8364236,2024-02-22T13:03:02,1708606982,761922182,-666.00,-666.00
8364236,2024-02-22T13:03:12,1708606992,761922192,-666.00,-666.00
8364236,2024-02-22T13:03:21,1708607001,761922201,-666.00,-666.00
8364236,2024-02-22T13:03:30,1708607010,761922210,-666.00,-666.00
8364236,2024-02-22T13:03:40,1708607020,761922220,-666.00,-666.00
8364236,2024-02-22T13:03:48,1708607028,761922228,-666.00,-666.00
8364236,2024-02-22T13:03:57,1708607037,761922237,-666.00,-666.00
8364236,2024-02-22T13:04:06,1708607046,761922246,-666.00,-666.00
8364236,2024-02-22T13:04:15,1708607055,761922255,-666.00,-666.00
8364236,2024-02-22T13:04:25,1708607065,761922265,-666.00,-666.00
8364236,2024-02-22T13:04:35,1708607075,761922275,-666.00,-666.00
8364236,2024-02-22T13:04:45,1708607085,761922285,-666.00,-666.00
8364236,2024-02-22T13:04:58,1708607098,761922298,-666.00,-666.00
8364236,2024-02-22T13:05:09,1708607109,761922309,-666.00,-666.00
8364236,2024-02-22T13:05:24,1708607124,761922324,-666.00,-666.00
8364236,2024-02-22T13:05:44,1708607144,761922344,-666.00,-666.00
8364236,2024-02-22T13:06:18,1708607178,761922378,-666.00,-666.00
8364236,2024-02-22T13:06:36,1708607196,761922396,-666.00,-666.00
8364236,2024-02-22T13:06:54,1708607214,761922414,-666.00,-666.00
8364236,2024-02-22T13:07:10,1708607230,761922430,-666.00,-666.00
8364236,2024-02-22T13:07:24,1708607244,761922444,-666.00,-666.00
8364236,2024-02-22T13:07:38,1708607258,761922458,-666.00,-666.00
8364236,2024-02-22T13:07:53,1708607273,761922473,-666.00,-666.00
8364236,2024-02-22T13:08:07,1708607287,761922487,-666.00,-666.00
8364236,2024-02-22T13:08:21,1708607301,761922501,-666.00,-666.00
8364236,2024-02-22T13:08:42,1708607322,761922522,-666.00,-666.00
8364236,2024-02-22T13:09:01,1708607341,761922541,-666.00,-666.00
8364236,2024-02-22T13:09:31,1708607371,761922571,-666.00,-666.00
8364236,2024-02-22T13:09:55,1708607395,761922595,-666.00,-666.00
8364236,2024-02-22T13:10:44,1708607444,761922644,-666.00,-666.00
8364236,2024-02-22T13:11:44,1708607504,761922704,-666.00,-666.00
8364236,2024-02-22T13:12:13,1708607533,761922733,-666.00,-666.00
8364236,2024-02-22T13:12:44,1708607564,761922764,-666.00,-666.00
8364236,2024-02-22T13:13:11,1708607591,761922791,-666.00,-666.00
8364236,2024-02-22T13:13:31,1708607611,761922811,-666.00,-666.00
8364236,2024-02-22T13:13:49,1708607629,761922829,-666.00,-666.00
8364236,2024-02-22T13:14:06,1708607646,761922846,-666.00,-666.00
8364236,2024-02-22T13:14:23,1708607663,761922863,-666.00,-666.00
8364236,2024-02-22T13:14:40,1708607680,761922880,-666.00,-666.00
8364236,2024-02-22T13:14:56,1708607696,761922896,-666.00,-666.00
8364236,2024-02-22T13:15:11,1708607711,761922911,-666.00,-666.00
8364236,2024-02-22T13:15:27,1708607727,761922927,-666.00,-666.00
8364236,2024-02-22T13:15:43,1708607743,761922943,-666.00,-666.00
8364236,2024-02-22T13:16:00,1708607760,761922960,-666.00,-666.00
8364236,2024-02-22T13:16:18,1708607778,761922978,-666.00,-666.00
8364236,2024-02-22T13:16:37,1708607797,761922997,-666.00,-666.00
8364236,2024-02-22T13:17:03,1708607823,761923023,-666.00,-666.00
8364236,2024-02-22T13:17:37,1708607857,761923057,-666.00,-666.00
8364236,2024-02-22T13:18:10,1708607890,761923090,-666.00,-666.00
8364236,2024-02-22T13:18:39,1708607919,761923119,-666.00,-666.00
8364236,2024-02-22T13:19:06,1708607946,761923146,-666.00,-666.00
8364236,2024-02-22T13:19:31,1708607971,761923171,-666.00,-666.00
8364236,2024-02-22T13:19:56,1708607996,761923196,-666.00,-666.00
8364236,2024-02-22T13:20:21,1708608021,761923221,-666.00,-666.00
8364236,2024-02-22T13:20:51,1708608051,761923251,-666.00,-666.00
8364236,2024-02-22T13:21:42,1708608102,761923302,-666.00,-666.00
8364236,2024-02-22T13:23:01,1708608181,761923381,-666.00,-666.00
8364236,2024-02-22T13:24:12,1708608252,761923452,-666.00,-666.00
8364236,2024-02-22T13:25:20,1708608320,761923520,-666.00,-666.00
8364236,2024-02-22T13:27:19,1708608439,761923639,-666.00,-666.00
8364236,2024-02-22T13:31:41,1708608701,761923901,-666.00,-666.00
8364236,2024-02-22T13:35:05,1708608905,761924105,-666.00,-666.00
8364236,2024-02-22T13:37:07,1708609027,761924227,-666.00,-666.00
8364236,2024-02-22T13:39:38,1708609178,761924378,-666.00,-666.00
8364236,2024-02-22T13:45:53,1708609553,761924753,-666.00,-666.00
8364236,2024-02-22T13:46:59,1708609619,761924819,-666.00,-666.00
8364236,2024-02-22T13:47:46,1708609666,761924866,-666.00,-666.00
8364236,2024-02-22T13:48:58,1708609738,761924938,-666.00,-666.00
8364236,2024-02-22T13:50:46,1708609846,761925046,-666.00,-666.00
8364236,2024-02-22T13:52:54,1708609974,761925174,-666.00,-666.00
8364236,2024-02-22T14:05:49,1708610749,761925949,-666.00,-666.00
8364236,2024-02-22T14:16:41,1708611401,761926601,-666.00,-666.00
8364236,2024-02-22T22:17:38,1708640258,761955458,-666.00,-666.00
8364236,2024-03-04T13:18:47,1709558327,762873527,-666.00,-666.00
8364236,2024-03-04T13:19:12,1709558352,762873552,-666.00,-666.00
8364236,2024-03-04T13:19:26,1709558366,762873566,-666.00,-666.00
8364236,2024-03-04T13:19:40,1709558380,762873580,-666.00,-666.00
8364236,2024-03-04T13:19:56,1709558396,762873596,-666.00,-666.00
8364236,2024-03-04T13:20:13,1709558413,762873613,-666.00,-666.00
8364236,2024-03-04T13:20:29,1709558429,762873629,-666.00,-666.00
8364236,2024-03-04T13:20:44,1709558444,762873644,-666.00,-666.00
8364236,2024-03-04T13:21:03,1709558463,762873663,-666.00,-666.00
8364236,2024-03-04T13:21:26,1709558486,762873686,-666.00,-666.00
8364236,2024-03-04T13:21:51,1709558511,762873711,-666.00,-666.00
8364236,2024-03-04T13:22:36,1709558556,762873756,-666.00,-666.00
8364236,2024-03-04T13:23:07,1709558587,762873787,-666.00,-666.00
8364236,2024-03-04T13:23:24,1709558604,762873804,-666.00,-666.00
8364236,2024-03-04T13:23:39,1709558619,762873819,-666.00,-666.00
8364236,2024-03-04T13:23:56,1709558636,762873836,-666.00,-666.00
8364236,2024-03-04T13:24:13,1709558653,762873853,-666.00,-666.00
8364236,2024-03-04T13:24:31,1709558671,762873871,-666.00,-666.00
8364236,2024-03-04T13:24:51,1709558691,762873891,-666.00,-666.00
8364236,2024-03-04T13:25:13,1709558713,762873913,-666.00,-666.00
8364236,2024-03-04T13:25:42,1709558742,762873942,-666.00,-666.00
8364236,2024-03-04T13:26:14,1709558774,762873974,-666.00,-666.00
8364236,2024-03-04T13:26:35,1709558795,762873995,-666.00,-666.00
8364236,2024-03-04T13:26:57,1709558817,762874017,-666.00,-666.00
8364236,2024-03-04T13:27:28,1709558848,762874048,-666.00,-666.00
8364236,2024-03-04T13:30:40,1709559040,762874240,-666.00,-666.00
8364236,2024-03-04T13:54:32,1709560472,762875672,-666.00,-666.00
8364236,2024-03-04T18:02:25,1709575345,762890545,-666.00,-666.00
8364236,2024-03-29T10:20:49,1711707649,765022849,-666.00,-666.00
8364236,2024-04-27T16:07:12,1714234032,767549232,-666.00,-666.00
8364236,2024-04-27T19:53:36,1714247616,767562816,-666.00,-666.00
8364236,2024-04-28T00:49:56,1714265396,767580596,-666.00,-666.00
8364236,2024-04-28T04:41:37,1714279297,767594497,-666.00,-666.00
8364236,2024-04-28T09:08:01,1714295281,767610481,-666.00,-666.00
8364236,2024-04-28T13:07:31,1714309651,767624851,-666.00,-666.00
8364236,2024-04-28T18:00:24,1714327224,767642424,-666.00,-666.00
8364236,2024-04-28T21:25:58,1714339558,767654758,-666.00,-666.00
8364236,2024-04-29T02:13:40,1714356820,767672020,-666.00,-666.00
8364236,2024-04-29T05:19:17,1714367957,767683157,-666.00,-666.00
8364236,2024-04-29T10:01:56,1714384916,767700116,-666.00,-666.00
8364236,2024-04-29T13:53:59,1714398839,767714039,-666.00,-666.00
8364236,2024-04-29T18:33:25,1714415605,767730805,-666.00,-666.00
8364236,2024-04-29T21:50:18,1714427418,767742618,-666.00,-666.00
8364236,2024-04-30T02:19:00,1714443540,767758740,-666.00,-666.00
8364236,2024-04-30T05:46:22,1714455982,767771182,-666.00,-666.00
8364236,2024-04-30T11:00:24,1714474824,767790024,-666.00,-666.00
8364236,2024-04-30T14:36:55,1714487815,767803015,-666.00,-666.00
8364236,2024-04-30T18:57:14,1714503434,767818634,-666.00,-666.00
8364236,2024-04-30T22:37:09,1714516629,767831829,-666.00,-666.00
8364236,2024-05-01T03:19:53,1714533593,767848793,-666.00,-666.00
8364236,2024-05-01T06:26:52,1714544812,767860012,-666.00,-666.00
8364236,2024-05-01T11:10:50,1714561850,767877050,-666.00,-666.00
8364236,2024-05-01T14:41:08,1714574468,767889668,-666.00,-666.00
8364236,2024-05-01T19:25:56,1714591556,767906756,-666.00,-666.00
8364236,2024-05-01T23:19:09,1714605549,767920749,-666.00,-666.00
8364236,2024-05-02T04:03:55,1714622635,767937835,-666.00,-666.00
8364236,2024-05-02T08:18:39,1714637919,767953119,-666.00,-666.00
8364236,2024-05-02T12:34:23,1714653263,767968463,-666.00,-666.00
8364236,2024-05-02T16:21:08,1714666868,767982068,-666.00,-666.00
8364236,2024-05-02T21:18:04,1714684684,767999884,-666.00,-666.00
8364236,2024-05-03T00:45:02,1714697102,768012302,-666.00,-666.00
8364236,2024-05-03T05:54:14,1714715654,768030854,-666.00,-666.00
8364236,2024-05-03T09:11:17,1714727477,768042677,-666.00,-666.00
8364236,2024-05-03T14:15:20,1714745720,768060920,-666.00,-666.00
8364236,2024-05-03T17:46:13,1714758373,768073573,-666.00,-666.00
8364236,2024-05-03T22:31:49,1714775509,768090709,-666.00,-666.00
8364236,2024-05-04T02:03:57,1714788237,768103437,-666.00,-666.00
8364236,2024-05-04T06:53:56,1714805636,768120836,-666.00,-666.00
8364236,2024-05-04T10:35:11,1714818911,768134111,-666.00,-666.00
8364236,2024-05-04T14:47:28,1714834048,768149248,-666.00,-666.00
8364236,2024-05-04T18:35:17,1714847717,768162917,-666.00,-666.00
8364236,2024-05-04T22:57:32,1714863452,768178652,-666.00,-666.00
8364236,2024-05-05T02:52:32,1714877552,768192752,-666.00,-666.00
8364236,2024-05-05T07:31:31,1714894291,768209491,-666.00,-666.00
8364236,2024-05-05T11:24:33,1714908273,768223473,-666.00,-666.00
8364236,2024-05-05T15:45:55,1714923955,768239155,-666.00,-666.00
8364236,2024-05-05T19:41:45,1714938105,768253305,-666.00,-666.00
8364236,2024-05-06T00:21:12,1714954872,768270072,-666.00,-666.00
8364236,2024-05-06T03:51:53,1714967513,768282713,-666.00,-666.00
8364236,2024-05-06T08:06:18,1714982778,768297978,-666.00,-666.00
8364236,2024-05-06T12:16:38,1714997798,768312998,-666.00,-666.00
8364236,2024-05-06T16:42:21,1715013741,768328941,-666.00,-666.00
8364236,2024-05-06T20:36:43,1715027803,768343003,-666.00,-666.00
8364236,2024-05-07T01:04:11,1715043851,768359051,-666.00,-666.00
8364236,2024-05-07T04:33:54,1715056434,768371634,-666.00,-666.00
8364236,2024-05-07T09:16:55,1715073415,768388615,-666.00,-666.00
8364236,2024-05-07T12:53:54,1715086434,768401634,-666.00,-666.00
8364236,2024-05-07T17:58:34,1715104714,768419914,-666.00,-666.00
8364236,2024-05-07T21:09:02,1715116142,768431342,-666.00,-666.00
8364236,2024-05-08T01:43:09,1715132589,768447789,-666.00,-666.00
8364236,2024-05-08T05:46:25,1715147185,768462385,-666.00,-666.00
8364236,2024-05-08T10:23:06,1715163786,768478986,-666.00,-666.00
8364236,2024-05-08T13:49:42,1715176182,768491382,-666.00,-666.00
8364236,2024-05-08T18:53:48,1715194428,768509628,-666.00,-666.00
8364236,2024-05-08T21:58:01,1715205481,768520681,-666.00,-666.00
8364236,2024-05-09T02:44:00,1715222640,768537840,-666.00,-666.00
8364236,2024-05-09T06:19:27,1715235567,768550767,-666.00,-666.00
8364236,2024-05-09T11:04:47,1715252687,768567887,-666.00,-666.00
8364236,2024-05-09T14:54:14,1715266454,768581654,-666.00,-666.00
8364236,2024-05-09T19:21:36,1715282496,768597696,-666.00,-666.00
8364236,2024-05-09T22:57:13,1715295433,768610633,-666.00,-666.00
8364236,2024-05-10T03:24:31,1715311471,768626671,-666.00,-666.00
8364236,2024-05-10T07:29:09,1715326149,768641349,-666.00,-666.00
8364236,2024-05-10T12:07:42,1715342862,768658062,-666.00,-666.00
8364236,2024-05-10T15:40:17,1715355617,768670817,-666.00,-666.00
8364236,2024-05-10T20:17:15,1715372235,768687435,-666.00,-666.00
8364236,2024-05-11T00:04:57,1715385897,768701097,-666.00,-666.00
8364236,2024-05-11T04:53:52,1715403232,768718432,-666.00,-666.00
8364236,2024-05-11T08:19:10,1715415550,768730750,-666.00,-666.00
8364236,2024-05-11T12:57:16,1715432236,768747436,-666.00,-666.00
8364236,2024-05-11T17:13:52,1715447632,768762832,-666.00,-666.00
8364236,2024-05-11T21:47:52,1715464072,768779272,-666.00,-666.00
8364236,2024-05-12T01:24:52,1715477092,768792292,-666.00,-666.00
8364236,2024-05-12T05:42:59,1715492579,768807779,-666.00,-666.00
8364236,2024-05-12T09:43:24,1715507004,768822204,-666.00,-666.00
8364236,2024-05-12T14:33:00,1715524380,768839580,-666.00,-666.00
8364236,2024-05-12T18:17:54,1715537874,768853074,-666.00,-666.00
8364236,2024-05-12T22:57:05,1715554625,768869825,-666.00,-666.00
8364236,2024-05-13T02:21:17,1715566877,768882077,-666.00,-666.00
8364236,2024-05-13T06:59:25,1715583565,768898765,-666.00,-666.00
8364236,2024-05-13T11:04:12,1715598252,768913452,-666.00,-666.00
8364236,2024-05-13T15:42:10,1715614930,768930130,-666.00,-666.00
8364236,2024-05-13T19:17:00,1715627820,768943020,-666.00,-666.00
8364236,2024-05-13T23:32:46,1715643166,768958366,-666.00,-666.00
8364236,2024-05-14T03:30:56,1715657456,768972656,-666.00,-666.00
8364236,2024-05-14T08:22:11,1715674931,768990131,-666.00,-666.00
8364236,2024-05-14T11:50:14,1715687414,769002614,-666.00,-666.00
8364236,2024-05-14T16:39:47,1715704787,769019987,-666.00,-666.00
8364236,2024-05-14T20:27:53,1715718473,769033673,-666.00,-666.00
8364236,2024-05-15T01:06:04,1715735164,769050364,-666.00,-666.00
8364236,2024-05-15T04:59:32,1715749172,769064372,-666.00,-666.00
8364236,2024-05-15T09:48:04,1715766484,769081684,-666.00,-666.00
8364236,2024-05-15T13:11:47,1715778707,769093907,-666.00,-666.00
8364236,2024-05-15T17:39:38,1715794778,769109978,-666.00,-666.00
8364236,2024-05-15T21:23:31,1715808211,769123411,-666.00,-666.00
8364236,2024-05-16T01:37:02,1715823422,769138622,-666.00,-666.00
8364236,2024-05-16T05:41:48,1715838108,769153308,-666.00,-666.00
