1645240,2022-11-30T09:42:38,1669801358,723116558
1645240,2022-11-30T10:16:33,1669803393,723118593
1645240,2022-11-30T10:16:56,1669803416,723118616
1645240,2022-11-30T10:59:16,1669805956,723121156
1645240,2022-11-30T11:10:30,1669806630,723121830
1645240,2022-11-30T11:10:42,1669806642,723121842
1645240,2022-11-30T11:27:18,1669807638,723122838
1645240,2022-11-30T11:27:33,1669807653,723122853
1645240,2022-11-30T11:27:41,1669807661,723122861
1645240,2022-11-30T11:27:43,1669807663,723122863
1645240,2022-11-30T11:27:57,1669807677,723122877
1645240,2022-11-30T11:27:58,1669807678,723122878
1645240,2022-11-30T11:41:21,1669808481,723123681
1645240,2022-11-30T11:46:01,1669808761,723123961
1645240,2022-11-30T11:49:12,1669808952,723124152
1645240,2022-11-30T15:16:30,1669821390,723136590
1645240,2022-11-30T15:36:18,1669822578,723137778
1645240,2022-11-30T15:37:12,1669822632,723137832
1645240,2022-11-30T15:38:53,1669822733,723137933
1645240,2022-11-30T15:39:09,1669822749,723137949
1645240,2022-11-30T15:39:27,1669822767,723137967
1645240,2022-11-30T15:39:38,1669822778,723137978
1645240,2022-11-30T15:39:55,1669822795,723137995
1645240,2022-11-30T15:40:05,1669822805,723138005
1645240,2022-11-30T15:40:19,1669822819,723138019
1645240,2022-11-30T15:40:30,1669822830,723138030
1645240,2022-11-30T15:40:53,1669822853,723138053
1645240,2022-11-30T15:41:10,1669822870,723138070
1645240,2022-11-30T15:41:32,1669822892,723138092
1645240,2022-11-30T15:41:43,1669822903,723138103
1645240,2022-11-30T15:42:03,1669822923,723138123
1645240,2022-11-30T15:42:17,1669822937,723138137
1645240,2022-11-30T15:42:48,1669822968,723138168
1645240,2022-11-30T15:43:09,1669822989,723138189
1645240,2022-11-30T15:43:35,1669823015,723138215
1645240,2022-11-30T15:43:46,1669823026,723138226
1645240,2022-11-30T15:43:59,1669823039,723138239
1645240,2022-11-30T15:44:09,1669823049,723138249
1645240,2022-11-30T15:44:25,1669823065,723138265
1645240,2022-11-30T15:44:37,1669823077,723138277
1645240,2022-11-30T15:45:35,1669823135,723138335
1645240,2022-11-30T15:47:50,1669823270,723138470
1645240,2022-11-30T19:49:30,1669837770,723152970
1645240,2022-11-30T19:51:57,1669837917,723153117
1645240,2022-12-01T15:32:47,1669908767,723223967
1645240,2022-12-02T05:34:33,1669959273,723274473
1645240,2022-12-02T05:35:32,1669959332,723274532
1645240,2022-12-02T05:35:46,1669959346,723274546
1645240,2022-12-02T05:36:07,1669959367,723274567
1645240,2022-12-02T05:36:19,1669959379,723274579
1645240,2022-12-02T05:36:39,1669959399,723274599
1645240,2022-12-02T05:37:01,1669959421,723274621
1645240,2022-12-02T05:38:04,1669959484,723274684
1645240,2022-12-02T05:39:00,1669959540,723274740
1645240,2022-12-02T05:39:29,1669959569,723274769
1645240,2022-12-02T05:39:57,1669959597,723274797
1645240,2022-12-02T05:46:14,1669959974,723275174
1645240,2022-12-02T05:49:31,1669960171,723275371
1645240,2022-12-02T15:27:39,1669994859,723310059
1645240,2022-12-02T15:27:40,1669994860,723310060
1645240,2022-12-02T17:07:43,1670000863,723316063
1645240,2022-12-02T17:08:27,1670000907,723316107
1645240,2022-12-02T17:09:43,1670000983,723316183
1645240,2022-12-02T17:10:51,1670001051,723316251
1645240,2022-12-02T17:13:57,1670001237,723316437
1645240,2022-12-02T17:24:57,1670001897,723317097
1645240,2022-12-02T17:30:24,1670002224,723317424
1645240,2022-12-02T17:34:38,1670002478,723317678
1645240,2022-12-02T17:43:33,1670003013,723318213
1645240,2022-12-02T17:50:20,1670003420,723318620
1645240,2022-12-03T11:18:52,1670066332,723381532
1645240,2022-12-03T15:30:58,1670081458,723396658
1645240,2022-12-03T15:31:19,1670081479,723396679
1645240,2022-12-03T15:31:44,1670081504,723396704
1645240,2022-12-03T15:32:23,1670081543,723396743
1645240,2022-12-03T20:17:26,1670098646,723413846
1645240,2022-12-03T20:45:43,1670100343,723415543
1645240,2022-12-03T21:26:15,1670102775,723417975
1645240,2022-12-04T01:01:50,1670115710,723430910
1645240,2022-12-04T01:13:29,1670116409,723431609
1645240,2022-12-04T01:29:31,1670117371,723432571
1645240,2022-12-04T01:41:31,1670118091,723433291
1645240,2022-12-04T01:57:35,1670119055,723434255
1645240,2022-12-04T02:08:28,1670119708,723434908
1645240,2022-12-04T02:32:01,1670121121,723436321
1645240,2022-12-04T02:43:12,1670121792,723436992
1645240,2022-12-04T02:50:05,1670122205,723437405
1645240,2022-12-04T02:55:01,1670122501,723437701
1645240,2022-12-04T03:09:32,1670123372,723438572
1645240,2022-12-04T04:01:14,1670126474,723441674
1645240,2022-12-04T15:37:32,1670168252,723483452
1645240,2022-12-04T20:53:30,1670187210,723502410
1645240,2022-12-05T05:00:56,1670216456,723531656
1645240,2022-12-05T05:37:50,1670218670,723533870
1645240,2022-12-05T16:02:31,1670256151,723571351
1645240,2022-12-06T18:35:07,1670351707,723666907
1645240,2022-12-06T18:36:46,1670351806,723667006
1645240,2022-12-06T18:38:03,1670351883,723667083
1645240,2022-12-06T18:42:18,1670352138,723667338
1645240,2022-12-06T18:45:28,1670352328,723667528
1645240,2022-12-06T18:47:18,1670352438,723667638
1645240,2022-12-06T18:48:34,1670352514,723667714
1645240,2022-12-06T18:50:35,1670352635,723667835
1645240,2022-12-06T18:52:11,1670352731,723667931
1645240,2022-12-06T18:56:04,1670352964,723668164
1645240,2022-12-07T06:20:53,1670394053,723709253
1645240,2022-12-07T18:10:57,1670436657,723751857
1645240,2022-12-07T18:11:51,1670436711,723751911
1645240,2022-12-07T18:12:53,1670436773,723751973
1645240,2022-12-07T18:13:31,1670436811,723752011
1645240,2022-12-07T18:14:19,1670436859,723752059
1645240,2022-12-07T18:14:49,1670436889,723752089
1645240,2022-12-07T18:16:06,1670436966,723752166
1645240,2022-12-07T18:17:15,1670437035,723752235
1645240,2022-12-07T18:19:58,1670437198,723752398
1645240,2022-12-07T18:23:43,1670437423,723752623
1645240,2022-12-08T06:49:54,1670482194,723797394
1645240,2022-12-08T07:28:46,1670484526,723799726
1645240,2022-12-08T08:00:25,1670486425,723801625
1645240,2022-12-08T08:16:13,1670487373,723802573
1645240,2022-12-08T08:29:09,1670488149,723803349
1645240,2023-01-10T15:44:11,1673365451,726680651
1645240,2023-01-13T15:31:27,1673623887,726939087
1645240,2023-01-13T15:34:05,1673624045,726939245
1645240,2023-01-13T15:34:22,1673624062,726939262
1645240,2023-01-13T15:34:57,1673624097,726939297
1645240,2023-01-13T15:36:55,1673624215,726939415
1645240,2023-01-13T15:38:55,1673624335,726939535
1645240,2023-01-13T15:39:20,1673624360,726939560
1645240,2023-01-13T15:39:44,1673624384,726939584
1645240,2023-01-13T15:40:06,1673624406,726939606
1645240,2023-01-13T15:40:28,1673624428,726939628
1645240,2023-01-13T15:40:48,1673624448,726939648
1645240,2023-01-13T15:41:21,1673624481,726939681
1645240,2023-01-13T15:41:37,1673624497,726939697
1645240,2023-01-13T15:42:02,1673624522,726939722
1645240,2023-01-13T15:42:16,1673624536,726939736
1645240,2023-01-13T15:42:28,1673624548,726939748
1645240,2023-01-13T15:42:37,1673624557,726939757
1645240,2023-01-13T15:42:48,1673624568,726939768
1645240,2023-01-13T15:42:58,1673624578,726939778
1645240,2023-01-13T15:43:12,1673624592,726939792
1645240,2023-01-13T15:43:23,1673624603,726939803
1645240,2023-01-13T15:43:32,1673624612,726939812
1645240,2023-01-13T15:43:40,1673624620,726939820
1645240,2023-01-13T15:43:50,1673624630,726939830
1645240,2023-01-13T15:43:57,1673624637,726939837
1645240,2023-01-13T15:44:05,1673624645,726939845
1645240,2023-01-13T15:44:11,1673624651,726939851
1645240,2023-01-13T15:44:19,1673624659,726939859
1645240,2023-01-13T15:44:27,1673624667,726939867
1645240,2023-01-13T15:44:39,1673624679,726939879
1645240,2023-01-13T15:44:50,1673624690,726939890
1645240,2023-01-13T15:45:02,1673624702,726939902
1645240,2023-01-13T15:45:13,1673624713,726939913
1645240,2023-01-13T15:45:25,1673624725,726939925
1645240,2023-01-13T15:45:36,1673624736,726939936
1645240,2023-01-13T15:45:49,1673624749,726939949
1645240,2023-01-13T15:46:00,1673624760,726939960
1645240,2023-01-13T15:46:17,1673624777,726939977
1645240,2023-01-13T15:46:30,1673624790,726939990
1645240,2023-01-13T15:46:47,1673624807,726940007
1645240,2023-01-13T15:46:58,1673624818,726940018
1645240,2023-01-13T15:47:11,1673624831,726940031
1645240,2023-01-13T15:47:21,1673624841,726940041
1645240,2023-01-13T15:47:36,1673624856,726940056
1645240,2023-01-13T15:47:44,1673624864,726940064
1645240,2023-01-13T15:47:55,1673624875,726940075
1645240,2023-01-13T15:48:01,1673624881,726940081
1645240,2023-01-13T15:48:13,1673624893,726940093
1645240,2023-01-13T15:48:19,1673624899,726940099
1645240,2023-01-13T15:48:30,1673624910,726940110
1645240,2023-01-13T15:48:38,1673624918,726940118
1645240,2023-01-13T15:48:51,1673624931,726940131
1645240,2023-01-13T15:48:57,1673624937,726940137
1645240,2023-01-13T15:49:07,1673624947,726940147
1645240,2023-01-13T15:49:16,1673624956,726940156
1645240,2023-01-13T15:49:29,1673624969,726940169
1645240,2023-01-13T15:49:39,1673624979,726940179
1645240,2023-01-13T15:49:51,1673624991,726940191
1645240,2023-01-13T15:49:59,1673624999,726940199
1645240,2023-01-13T15:50:09,1673625009,726940209
1645240,2023-01-13T15:50:15,1673625015,726940215
1645240,2023-01-13T15:50:26,1673625026,726940226
1645240,2023-01-13T15:50:34,1673625034,726940234
1645240,2023-01-13T15:50:43,1673625043,726940243
1645240,2023-01-13T15:50:48,1673625048,726940248
1645240,2023-01-13T15:50:56,1673625056,726940256
1645240,2023-01-13T15:51:02,1673625062,726940262
1645240,2023-01-13T15:51:11,1673625071,726940271
1645240,2023-01-13T15:51:20,1673625080,726940280
1645240,2023-01-13T15:51:29,1673625089,726940289
1645240,2023-01-13T15:51:37,1673625097,726940297
1645240,2023-01-13T15:51:46,1673625106,726940306
1645240,2023-01-13T15:51:53,1673625113,726940313
1645240,2023-01-13T15:52:04,1673625124,726940324
1645240,2023-01-13T15:52:10,1673625130,726940330
1645240,2023-01-13T15:52:19,1673625139,726940339
1645240,2023-01-13T15:52:28,1673625148,726940348
1645240,2023-01-13T15:52:40,1673625160,726940360
1645240,2023-01-13T15:52:47,1673625167,726940367
1645240,2023-01-13T15:52:57,1673625177,726940377
1645240,2023-01-13T15:53:04,1673625184,726940384
1645240,2023-01-13T15:53:13,1673625193,726940393
1645240,2023-01-13T15:53:20,1673625200,726940400
1645240,2023-01-13T15:53:29,1673625209,726940409
1645240,2023-01-13T15:53:40,1673625220,726940420
1645240,2023-01-13T15:53:50,1673625230,726940430
1645240,2023-01-13T15:54:01,1673625241,726940441
1645240,2023-01-13T15:54:15,1673625255,726940455
1645240,2023-01-13T15:54:21,1673625261,726940461
1645240,2023-01-13T15:54:32,1673625272,726940472
1645240,2023-01-13T15:54:40,1673625280,726940480
1645240,2023-01-13T15:54:52,1673625292,726940492
1645240,2023-01-13T15:55:01,1673625301,726940501
1645240,2023-01-13T15:55:16,1673625316,726940516
1645240,2023-01-13T15:55:25,1673625325,726940525
1645240,2023-01-13T15:55:35,1673625335,726940535
1645240,2023-01-13T15:55:45,1673625345,726940545
1645240,2023-01-13T15:55:59,1673625359,726940559
1645240,2023-01-13T15:56:09,1673625369,726940569
1645240,2023-01-13T15:56:29,1673625389,726940589
1645240,2023-01-13T15:56:46,1673625406,726940606
1645240,2023-01-13T15:57:11,1673625431,726940631
1645240,2023-01-13T15:57:27,1673625447,726940647
1645240,2023-01-13T15:57:52,1673625472,726940672
1645240,2023-01-13T15:58:14,1673625494,726940694
1645240,2023-01-13T15:58:59,1673625539,726940739
1645240,2023-01-13T15:59:39,1673625579,726940779
1645240,2023-01-13T16:00:25,1673625625,726940825
1645240,2023-01-13T16:00:58,1673625658,726940858
1645240,2023-01-13T16:01:52,1673625712,726940912
1645240,2023-01-13T16:02:49,1673625769,726940969
1645240,2023-01-13T16:04:16,1673625856,726941056
1645240,2023-01-13T16:06:09,1673625969,726941169
1645240,2023-01-13T16:10:17,1673626217,726941417
1645240,2023-01-18T17:57:34,1674064654,727379854
1645240,2023-01-18T17:59:22,1674064762,727379962
1645240,2023-01-18T18:00:35,1674064835,727380035
1645240,2023-01-18T18:43:15,1674067395,727382595
1645240,2023-01-18T18:43:40,1674067420,727382620
1645240,2023-01-18T18:44:03,1674067443,727382643
1645240,2023-01-18T18:44:25,1674067465,727382665
1645240,2023-01-18T18:46:03,1674067563,727382763
1645240,2023-01-18T18:49:32,1674067772,727382972
1645240,2023-01-23T17:39:59,1674495599,727810799
1645240,2023-01-23T17:41:25,1674495685,727810885
1645240,2023-01-23T17:43:59,1674495839,727811039
1645240,2023-01-23T17:46:56,1674496016,727811216
1645240,2023-01-23T17:50:14,1674496214,727811414
1645240,2023-01-23T18:04:50,1674497090,727812290
1645240,2023-01-23T18:43:44,1674499424,727814624
1645240,2023-01-23T18:46:39,1674499599,727814799
1645240,2023-01-23T19:15:09,1674501309,727816509
1645240,2023-01-23T19:19:35,1674501575,727816775
1645240,2023-01-23T19:25:08,1674501908,727817108
1645240,2023-01-23T19:26:35,1674501995,727817195
1645240,2023-01-23T19:40:08,1674502808,727818008
1645240,2023-01-23T19:45:26,1674503126,727818326
1645240,2023-01-24T05:09:38,1674536978,727852178
1645240,2023-01-24T19:44:24,1674589464,727904664
1645240,2023-01-24T19:45:36,1674589536,727904736
1645240,2023-01-24T19:46:27,1674589587,727904787
1645240,2023-01-24T19:47:06,1674589626,727904826
1645240,2023-01-24T19:47:24,1674589644,727904844
1645240,2023-01-24T19:47:44,1674589664,727904864
1645240,2023-01-24T19:47:59,1674589679,727904879
1645240,2023-01-24T19:48:15,1674589695,727904895
1645240,2023-01-24T19:48:29,1674589709,727904909
1645240,2023-01-24T19:48:40,1674589720,727904920
1645240,2023-01-24T19:48:48,1674589728,727904928
1645240,2023-01-24T19:48:57,1674589737,727904937
1645240,2023-01-24T19:49:03,1674589743,727904943
1645240,2023-01-24T19:49:11,1674589751,727904951
1645240,2023-01-24T19:49:16,1674589756,727904956
1645240,2023-01-24T19:49:27,1674589767,727904967
1645240,2023-01-24T19:49:35,1674589775,727904975
1645240,2023-01-24T19:49:50,1674589790,727904990
1645240,2023-01-24T19:49:58,1674589798,727904998
1645240,2023-01-24T19:50:08,1674589808,727905008
1645240,2023-01-24T19:50:17,1674589817,727905017
1645240,2023-01-24T19:50:29,1674589829,727905029
1645240,2023-01-24T19:50:37,1674589837,727905037
1645240,2023-01-24T19:50:51,1674589851,727905051
1645240,2023-01-24T19:51:06,1674589866,727905066
1645240,2023-01-24T19:51:29,1674589889,727905089
1645240,2023-01-24T19:53:59,1674590039,727905239
1645240,2023-01-24T19:54:49,1674590089,727905289
1645240,2023-01-24T20:02:05,1674590525,727905725
1645240,2023-01-25T14:10:03,1674655803,727971003
1645240,2023-01-25T14:11:21,1674655881,727971081
1645240,2023-01-25T14:12:50,1674655970,727971170
1645240,2023-01-25T14:13:42,1674656022,727971222
1645240,2023-01-25T14:14:25,1674656065,727971265
1645240,2023-01-25T14:15:05,1674656105,727971305
1645240,2023-01-25T14:15:54,1674656154,727971354
1645240,2023-01-25T14:16:30,1674656190,727971390
1645240,2023-01-25T14:17:12,1674656232,727971432
1645240,2023-01-25T14:17:45,1674656265,727971465
1645240,2023-01-25T14:18:25,1674656305,727971505
1645240,2023-01-25T14:18:50,1674656330,727971530
1645240,2023-01-25T14:19:23,1674656363,727971563
1645240,2023-01-25T14:19:50,1674656390,727971590
1645240,2023-01-25T14:20:24,1674656424,727971624
1645240,2023-01-25T14:20:49,1674656449,727971649
1645240,2023-01-25T14:21:13,1674656473,727971673
1645240,2023-01-25T14:21:32,1674656492,727971692
1645240,2023-01-25T14:21:55,1674656515,727971715
1645240,2023-01-25T14:22:12,1674656532,727971732
1645240,2023-01-25T14:22:42,1674656562,727971762
1645240,2023-01-25T14:23:07,1674656587,727971787
1645240,2023-01-25T14:23:45,1674656625,727971825
1645240,2023-01-25T14:24:25,1674656665,727971865
1645240,2023-01-25T14:25:22,1674656722,727971922
1645240,2023-01-25T14:26:15,1674656775,727971975
1645240,2023-01-25T14:28:35,1674656915,727972115
1645240,2023-01-25T14:35:47,1674657347,727972547
1645240,2023-01-25T17:35:38,1674668138,727983338
1645240,2023-01-25T17:37:44,1674668264,727983464
1645240,2023-01-25T17:38:56,1674668336,727983536
1645240,2023-01-25T17:39:59,1674668399,727983599
1645240,2023-01-25T17:41:59,1674668519,727983719
1645240,2023-01-25T17:43:39,1674668619,727983819
1645240,2023-01-25T17:54:02,1674669242,727984442
1645240,2023-02-12T20:42:54,1676234574,729549774
1645240,2023-02-12T20:43:53,1676234633,729549833
1645240,2023-02-12T20:44:29,1676234669,729549869
1645240,2023-02-12T20:44:59,1676234699,729549899
1645240,2023-02-12T20:45:29,1676234729,729549929
1645240,2023-02-12T20:45:46,1676234746,729549946
1645240,2023-02-12T20:46:10,1676234770,729549970
1645240,2023-02-12T20:47:45,1676234865,729550065
1645240,2023-02-12T20:50:08,1676235008,729550208
1645240,2023-02-12T20:51:12,1676235072,729550272
1645240,2023-02-13T01:24:34,1676251474,729566674
1645240,2023-02-18T19:33:25,1676748805,730064005
1645240,2023-02-18T19:33:44,1676748824,730064024
1645240,2023-02-18T19:33:57,1676748837,730064037
1645240,2023-02-18T19:34:12,1676748852,730064052
1645240,2023-02-18T19:34:28,1676748868,730064068
1645240,2023-02-18T19:34:48,1676748888,730064088
1645240,2023-02-18T19:35:06,1676748906,730064106
1645240,2023-02-18T19:35:25,1676748925,730064125
1645240,2023-02-18T19:35:42,1676748942,730064142
1645240,2023-02-18T19:36:03,1676748963,730064163
1645240,2023-02-18T19:36:19,1676748979,730064179
1645240,2023-02-18T19:36:37,1676748997,730064197
1645240,2023-02-18T19:36:50,1676749010,730064210
1645240,2023-02-18T19:37:09,1676749029,730064229
1645240,2023-02-18T19:37:27,1676749047,730064247
1645240,2023-02-18T19:37:45,1676749065,730064265
1645240,2023-02-18T19:38:03,1676749083,730064283
1645240,2023-02-18T19:38:32,1676749112,730064312
1645240,2023-02-18T19:38:56,1676749136,730064336
1645240,2023-02-18T19:39:20,1676749160,730064360
1645240,2023-02-18T19:39:40,1676749180,730064380
1645240,2023-02-18T19:40:04,1676749204,730064404
1645240,2023-02-18T19:40:24,1676749224,730064424
1645240,2023-02-18T19:40:45,1676749245,730064445
1645240,2023-02-18T19:41:01,1676749261,730064461
1645240,2023-02-18T19:41:22,1676749282,730064482
1645240,2023-02-18T19:41:39,1676749299,730064499
1645240,2023-02-18T19:42:12,1676749332,730064532
1645240,2023-02-18T19:42:35,1676749355,730064555
1645240,2023-02-18T19:43:13,1676749393,730064593
1645240,2023-02-18T19:43:51,1676749431,730064631
1645240,2023-02-18T19:44:53,1676749493,730064693
1645240,2023-02-18T19:46:39,1676749599,730064799
1645240,2023-02-18T20:15:31,1676751331,730066531
1645240,2023-02-18T20:21:28,1676751688,730066888
1645240,2023-02-18T20:23:10,1676751790,730066990
1645240,2023-02-18T20:23:53,1676751833,730067033
1645240,2023-02-18T20:24:40,1676751880,730067080
1645240,2023-02-18T20:25:16,1676751916,730067116
1645240,2023-02-18T20:26:14,1676751974,730067174
1645240,2023-02-18T20:27:01,1676752021,730067221
1645240,2023-02-18T20:28:19,1676752099,730067299
1645240,2023-02-18T20:29:15,1676752155,730067355
1645240,2023-02-18T20:30:13,1676752213,730067413
1645240,2023-02-18T20:31:10,1676752270,730067470
1645240,2023-02-18T20:32:40,1676752360,730067560
1645240,2023-02-18T20:34:35,1676752475,730067675
1645240,2023-02-18T20:37:01,1676752621,730067821
1645240,2023-02-18T20:39:33,1676752773,730067973
1645240,2023-02-18T20:45:54,1676753154,730068354
1645240,2023-02-18T20:57:19,1676753839,730069039
1645240,2023-02-18T21:06:02,1676754362,730069562
1645240,2023-02-18T21:12:51,1676754771,730069971
1645240,2023-02-18T21:28:30,1676755710,730070910
1645240,2023-02-18T22:35:36,1676759736,730074936
1645240,2023-02-18T23:32:52,1676763172,730078372
1645240,2023-02-19T05:01:09,1676782869,730098069
1645240,2023-03-01T18:34:14,1677695654,731010854
1645240,2023-03-03T10:00:28,1677837628,731152828
1645240,2023-03-30T19:01:30,1680202890,733518090
1645240,2023-03-30T19:02:02,1680202922,733518122
1645240,2023-03-30T19:02:20,1680202940,733518140
1645240,2023-03-30T19:02:42,1680202962,733518162
1645240,2023-03-30T19:03:05,1680202985,733518185
1645240,2023-03-30T19:03:28,1680203008,733518208
1645240,2023-03-30T19:03:47,1680203027,733518227
1645240,2023-03-30T19:04:01,1680203041,733518241
1645240,2023-03-30T19:04:16,1680203056,733518256
1645240,2023-03-30T19:04:40,1680203080,733518280
1645240,2023-03-30T19:05:04,1680203104,733518304
1645240,2023-03-30T19:05:24,1680203124,733518324
1645240,2023-03-30T19:05:50,1680203150,733518350
1645240,2023-03-30T19:06:24,1680203184,733518384
1645240,2023-03-30T19:06:52,1680203212,733518412
1645240,2023-03-30T19:07:13,1680203233,733518433
1645240,2023-03-30T19:07:35,1680203255,733518455
1645240,2023-03-30T19:08:01,1680203281,733518481
1645240,2023-03-30T19:08:21,1680203301,733518501
1645240,2023-03-30T19:08:37,1680203317,733518517
1645240,2023-03-30T19:08:51,1680203331,733518531
1645240,2023-03-30T19:09:11,1680203351,733518551
1645240,2023-03-30T19:09:26,1680203366,733518566
1645240,2023-03-30T19:09:47,1680203387,733518587
1645240,2023-03-30T19:10:00,1680203400,733518600
1645240,2023-03-30T19:10:18,1680203418,733518618
1645240,2023-03-30T19:10:33,1680203433,733518633
1645240,2023-03-30T19:10:51,1680203451,733518651
1645240,2023-03-30T19:11:13,1680203473,733518673
1645240,2023-03-30T19:11:54,1680203514,733518714
1645240,2023-03-30T19:12:15,1680203535,733518735
1645240,2023-03-30T19:12:39,1680203559,733518759
1645240,2023-03-30T19:12:57,1680203577,733518777
1645240,2023-03-30T19:13:19,1680203599,733518799
1645240,2023-03-30T19:13:34,1680203614,733518814
1645240,2023-03-30T19:13:59,1680203639,733518839
1645240,2023-03-30T19:14:20,1680203660,733518860
1645240,2023-03-30T19:14:50,1680203690,733518890
1645240,2023-03-30T19:15:15,1680203715,733518915
1645240,2023-03-30T19:15:54,1680203754,733518954
1645240,2023-03-30T19:16:43,1680203803,733519003
1645240,2023-03-30T19:18:07,1680203887,733519087
1645240,2023-03-30T19:19:17,1680203957,733519157
1645240,2023-03-30T19:21:19,1680204079,733519279
1645240,2023-03-30T19:25:23,1680204323,733519523
1645240,2023-03-31T03:19:22,1680232762,733547962
1645240,2023-03-31T08:18:11,1680250691,733565891
1645240,2023-04-22T16:36:50,1682181410,735496610
1645240,2023-04-22T16:37:03,1682181423,735496623
1645240,2023-04-22T16:37:30,1682181450,735496650
1645240,2023-04-22T16:37:50,1682181470,735496670
1645240,2023-04-22T16:38:17,1682181497,735496697
1645240,2023-04-22T16:38:40,1682181520,735496720
1645240,2023-04-22T16:39:08,1682181548,735496748
1645240,2023-04-22T16:39:33,1682181573,735496773
1645240,2023-04-22T16:40:05,1682181605,735496805
1645240,2023-04-22T16:40:34,1682181634,735496834
1645240,2023-04-22T16:41:11,1682181671,735496871
1645240,2023-04-22T16:41:39,1682181699,735496899
1645240,2023-04-22T16:42:15,1682181735,735496935
1645240,2023-04-22T16:42:49,1682181769,735496969
1645240,2023-04-22T16:43:36,1682181816,735497016
1645240,2023-04-22T16:44:21,1682181861,735497061
1645240,2023-04-22T16:45:15,1682181915,735497115
1645240,2023-04-22T16:45:55,1682181955,735497155
1645240,2023-04-22T16:46:59,1682182019,735497219
1645240,2023-04-22T16:48:08,1682182088,735497288
1645240,2023-04-22T16:49:29,1682182169,735497369
1645240,2023-04-22T16:50:35,1682182235,735497435
1645240,2023-04-22T16:52:14,1682182334,735497534
1645240,2023-04-22T16:53:40,1682182420,735497620
1645240,2023-04-22T16:55:42,1682182542,735497742
1645240,2023-04-22T16:57:21,1682182641,735497841
1645240,2023-04-22T17:00:22,1682182822,735498022
1645240,2023-04-22T17:05:48,1682183148,735498348
1645240,2023-04-22T23:39:16,1682206756,735521956
1645240,2023-04-23T06:46:56,1682232416,735547616
1645240,2023-04-23T16:37:54,1682267874,735583074
1645240,2023-04-23T16:38:51,1682267931,735583131
1645240,2023-04-23T16:40:09,1682268009,735583209
1645240,2023-04-23T16:41:27,1682268087,735583287
1645240,2023-04-23T16:42:24,1682268144,735583344
1645240,2023-04-23T16:43:09,1682268189,735583389
1645240,2023-04-23T16:43:39,1682268219,735583419
1645240,2023-04-23T16:43:59,1682268239,735583439
1645240,2023-04-23T16:44:20,1682268260,735583460
1645240,2023-04-23T16:44:40,1682268280,735583480
1645240,2023-04-23T16:45:05,1682268305,735583505
1645240,2023-04-23T16:45:32,1682268332,735583532
1645240,2023-04-23T16:46:56,1682268416,735583616
1645240,2023-04-23T16:47:52,1682268472,735583672
1645240,2023-04-23T16:48:29,1682268509,735583709
1645240,2023-04-23T16:48:55,1682268535,735583735
1645240,2023-04-23T16:49:27,1682268567,735583767
1645240,2023-04-23T16:49:57,1682268597,735583797
1645240,2023-04-23T16:50:30,1682268630,735583830
1645240,2023-04-23T16:51:01,1682268661,735583861
1645240,2023-04-23T16:51:55,1682268715,735583915
1645240,2023-04-23T16:52:52,1682268772,735583972
1645240,2023-04-23T16:53:48,1682268828,735584028
1645240,2023-04-23T16:54:34,1682268874,735584074
1645240,2023-04-23T16:55:16,1682268916,735584116
1645240,2023-04-23T16:55:55,1682268955,735584155
1645240,2023-04-23T16:56:39,1682268999,735584199
1645240,2023-04-23T16:57:25,1682269045,735584245
1645240,2023-04-23T16:58:07,1682269087,735584287
1645240,2023-04-23T16:58:57,1682269137,735584337
1645240,2023-04-23T17:00:12,1682269212,735584412
1645240,2023-04-23T17:01:23,1682269283,735584483
1645240,2023-04-23T17:02:30,1682269350,735584550
1645240,2023-04-23T17:04:11,1682269451,735584651
1645240,2023-04-23T17:06:00,1682269560,735584760
1645240,2023-04-23T17:08:28,1682269708,735584908
1645240,2023-04-23T17:10:38,1682269838,735585038
1645240,2023-04-23T17:12:29,1682269949,735585149
1645240,2023-04-23T17:16:47,1682270207,735585407
1645240,2023-04-23T17:24:35,1682270675,735585875
1645240,2023-04-23T18:06:59,1682273219,735588419
1645240,2023-04-23T18:18:37,1682273917,735589117
1645240,2023-04-23T18:33:18,1682274798,735589998
1645240,2023-04-23T18:43:34,1682275414,735590614
1645240,2023-04-23T19:21:53,1682277713,735592913
1645240,2023-04-24T03:38:58,1682307538,735622738
1645240,2023-04-24T15:34:25,1682350465,735665665
1645240,2023-04-24T15:35:46,1682350546,735665746
1645240,2023-04-24T15:36:29,1682350589,735665789
1645240,2023-04-24T15:36:48,1682350608,735665808
1645240,2023-04-24T15:37:20,1682350640,735665840
1645240,2023-04-24T15:38:12,1682350692,735665892
1645240,2023-04-24T15:38:33,1682350713,735665913
1645240,2023-04-24T15:38:46,1682350726,735665926
1645240,2023-04-24T15:39:01,1682350741,735665941
1645240,2023-04-24T15:39:09,1682350749,735665949
1645240,2023-04-24T15:39:24,1682350764,735665964
1645240,2023-04-24T15:39:31,1682350771,735665971
1645240,2023-04-24T15:39:39,1682350779,735665979
1645240,2023-04-24T15:39:48,1682350788,735665988
1645240,2023-04-24T15:40:03,1682350803,735666003
1645240,2023-04-24T15:40:17,1682350817,735666017
1645240,2023-04-24T15:40:44,1682350844,735666044
1645240,2023-04-24T15:40:51,1682350851,735666051
1645240,2023-04-24T15:41:00,1682350860,735666060
1645240,2023-04-24T15:41:12,1682350872,735666072
1645240,2023-04-24T15:41:27,1682350887,735666087
1645240,2023-04-24T15:41:37,1682350897,735666097
1645240,2023-04-24T15:41:50,1682350910,735666110
1645240,2023-04-24T15:42:01,1682350921,735666121
1645240,2023-04-24T15:42:24,1682350944,735666144
1645240,2023-04-24T15:42:45,1682350965,735666165
1645240,2023-04-24T15:43:44,1682351024,735666224
1645240,2023-04-24T16:52:30,1682355150,735670350
1645240,2023-04-24T17:54:49,1682358889,735674089
1645240,2023-04-24T18:18:44,1682360324,735675524
1645240,2023-04-24T18:39:33,1682361573,735676773
1645240,2023-04-24T19:03:03,1682362983,735678183
1645240,2023-04-24T23:16:11,1682378171,735693371
1645240,2023-04-25T03:52:50,1682394770,735709970
1645240,2023-05-09T19:50:13,1683661813,736977013
1645240,2023-05-09T19:56:35,1683662195,736977395
1645240,2023-05-09T20:19:12,1683663552,736978752
1645240,2023-05-09T20:21:33,1683663693,736978893
1645240,2023-05-09T20:23:03,1683663783,736978983
1645240,2023-05-09T20:24:46,1683663886,736979086
1645240,2023-05-09T20:26:53,1683664013,736979213
1645240,2023-05-09T20:29:57,1683664197,736979397
1645240,2023-05-09T20:32:02,1683664322,736979522
1645240,2023-05-09T20:33:21,1683664401,736979601
1645240,2023-05-09T20:34:54,1683664494,736979694
1645240,2023-05-09T20:36:07,1683664567,736979767
1645240,2023-05-09T20:38:40,1683664720,736979920
1645240,2023-05-09T20:41:24,1683664884,736980084
1645240,2023-05-09T20:43:09,1683664989,736980189
1645240,2023-05-09T20:45:22,1683665122,736980322
1645240,2023-05-09T20:47:24,1683665244,736980444
1645240,2023-05-09T20:49:18,1683665358,736980558
1645240,2023-05-09T20:50:19,1683665419,736980619
1645240,2023-05-09T20:51:22,1683665482,736980682
1645240,2023-05-09T20:53:29,1683665609,736980809
1645240,2023-05-09T20:55:25,1683665725,736980925
1645240,2023-05-09T20:57:36,1683665856,736981056
1645240,2023-05-09T21:01:27,1683666087,736981287
1645240,2023-05-09T22:21:00,1683670860,736986060
1645240,2023-05-10T11:02:55,1683716575,737031775
1645240,2023-05-14T19:03:17,1684090997,737406197
1645240,2023-05-14T19:11:12,1684091472,737406672
1645240,2023-05-14T19:19:00,1684091940,737407140
1645240,2023-05-14T21:36:05,1684100165,737415365
1645240,2023-05-15T04:02:10,1684123330,737438530
1645240,2023-05-15T11:33:53,1684150433,737465633
1645240,2023-05-15T20:23:01,1684182181,737497381
1645240,2023-05-15T20:23:52,1684182232,737497432
1645240,2023-05-15T20:26:16,1684182376,737497576
1645240,2023-05-16T02:18:06,1684203486,737518686
1645240,2023-05-16T10:22:33,1684232553,737547753
1645240,2023-05-16T10:25:24,1684232724,737547924
1645240,2023-05-30T17:16:25,1685466985,738782185
1645240,2023-05-30T17:17:13,1685467033,738782233
1645240,2023-05-30T17:19:24,1685467164,738782364
1645240,2023-05-30T18:57:04,1685473024,738788224
1645240,2023-05-30T20:00:07,1685476807,738792007
1645240,2023-05-30T20:02:56,1685476976,738792176
1645240,2023-05-30T20:05:12,1685477112,738792312
1645240,2023-05-30T20:58:34,1685480314,738795514
1645240,2023-05-30T21:11:38,1685481098,738796298
1645240,2023-05-30T21:12:17,1685481137,738796337
1645240,2023-05-30T21:27:00,1685482020,738797220
1645240,2023-05-30T21:29:39,1685482179,738797379
1645240,2023-05-30T21:30:20,1685482220,738797420
1645240,2023-05-30T21:31:06,1685482266,738797466
1645240,2023-05-30T21:31:22,1685482282,738797482
1645240,2023-05-30T21:31:34,1685482294,738797494
1645240,2023-05-30T21:31:47,1685482307,738797507
1645240,2023-05-30T21:32:00,1685482320,738797520
1645240,2023-05-30T21:32:13,1685482333,738797533
1645240,2023-05-30T21:32:28,1685482348,738797548
1645240,2023-05-30T21:32:46,1685482366,738797566
1645240,2023-05-30T21:33:14,1685482394,738797594
1645240,2023-05-30T21:33:47,1685482427,738797627
1645240,2023-05-30T21:34:04,1685482444,738797644
1645240,2023-05-30T21:34:36,1685482476,738797676
1645240,2023-05-30T21:35:14,1685482514,738797714
1645240,2023-05-30T21:36:23,1685482583,738797783
1645240,2023-05-30T21:37:44,1685482664,738797864
1645240,2023-05-30T21:38:37,1685482717,738797917
1645240,2023-05-30T21:39:12,1685482752,738797952
1645240,2023-05-30T21:39:45,1685482785,738797985
1645240,2023-05-30T21:40:11,1685482811,738798011
1645240,2023-05-30T21:40:42,1685482842,738798042
1645240,2023-05-30T21:41:11,1685482871,738798071
1645240,2023-05-30T21:41:41,1685482901,738798101
1645240,2023-05-30T21:42:04,1685482924,738798124
1645240,2023-05-30T21:42:31,1685482951,738798151
1645240,2023-05-30T21:42:56,1685482976,738798176
1645240,2023-05-30T21:43:14,1685482994,738798194
1645240,2023-05-30T21:43:35,1685483015,738798215
1645240,2023-05-30T21:44:01,1685483041,738798241
1645240,2023-05-30T21:44:17,1685483057,738798257
1645240,2023-05-30T21:44:36,1685483076,738798276
1645240,2023-05-30T21:45:08,1685483108,738798308
1645240,2023-05-30T21:46:05,1685483165,738798365
1645240,2023-05-30T21:46:35,1685483195,738798395
1645240,2023-05-30T21:47:00,1685483220,738798420
1645240,2023-05-30T21:47:33,1685483253,738798453
1645240,2023-05-30T21:48:21,1685483301,738798501
1645240,2023-05-30T21:49:17,1685483357,738798557
1645240,2023-05-30T21:51:13,1685483473,738798673
1645240,2023-05-30T23:22:45,1685488965,738804165
1645240,2023-05-30T23:23:50,1685489030,738804230
1645240,2023-05-30T23:24:58,1685489098,738804298
1645240,2023-05-30T23:25:46,1685489146,738804346
1645240,2023-05-30T23:26:32,1685489192,738804392
1645240,2023-05-30T23:28:04,1685489284,738804484
1645240,2023-05-30T23:48:01,1685490481,738805681
1645240,2023-05-30T23:53:32,1685490812,738806012
1645240,2023-05-31T00:09:49,1685491789,738806989
1645240,2023-05-31T04:36:31,1685507791,738822991
1645240,2023-05-31T05:40:35,1685511635,738826835
1645240,2023-05-31T06:15:16,1685513716,738828916
1645240,2023-05-31T11:19:30,1685531970,738847170
1645240,2023-05-31T11:20:11,1685532011,738847211
1645240,2023-05-31T11:21:09,1685532069,738847269
1645240,2023-05-31T11:25:33,1685532333,738847533
1645240,2023-05-31T11:33:35,1685532815,738848015
1645240,2023-05-31T15:00:51,1685545251,738860451
1645240,2023-05-31T15:06:23,1685545583,738860783
1645240,2023-05-31T15:07:27,1685545647,738860847
1645240,2023-05-31T15:07:52,1685545672,738860872
1645240,2023-05-31T15:08:31,1685545711,738860911
1645240,2023-05-31T15:09:40,1685545780,738860980
1645240,2023-05-31T15:10:09,1685545809,738861009
1645240,2023-05-31T15:11:01,1685545861,738861061
1645240,2023-05-31T15:11:18,1685545878,738861078
1645240,2023-05-31T15:11:37,1685545897,738861097
1645240,2023-05-31T15:11:44,1685545904,738861104
1645240,2023-05-31T15:11:54,1685545914,738861114
1645240,2023-05-31T15:12:06,1685545926,738861126
1645240,2023-05-31T15:12:35,1685545955,738861155
1645240,2023-05-31T15:12:46,1685545966,738861166
1645240,2023-05-31T15:13:00,1685545980,738861180
1645240,2023-05-31T15:13:10,1685545990,738861190
1645240,2023-05-31T15:13:32,1685546012,738861212
1645240,2023-05-31T15:13:56,1685546036,738861236
1645240,2023-05-31T15:16:48,1685546208,738861408
1645240,2023-05-31T15:33:35,1685547215,738862415
1645240,2023-05-31T15:34:10,1685547250,738862450
1645240,2023-05-31T15:34:41,1685547281,738862481
1645240,2023-05-31T15:35:29,1685547329,738862529
1645240,2023-05-31T15:35:46,1685547346,738862546
1645240,2023-05-31T15:36:09,1685547369,738862569
1645240,2023-05-31T15:36:24,1685547384,738862584
1645240,2023-05-31T15:36:50,1685547410,738862610
1645240,2023-05-31T15:37:13,1685547433,738862633
1645240,2023-05-31T15:37:57,1685547477,738862677
1645240,2023-05-31T15:38:24,1685547504,738862704
1645240,2023-05-31T15:39:13,1685547553,738862753
1645240,2023-05-31T15:40:12,1685547612,738862812
1645240,2023-05-31T15:41:36,1685547696,738862896
1645240,2023-05-31T15:44:17,1685547857,738863057
1645240,2023-05-31T16:23:56,1685550236,738865436
1645240,2023-05-31T16:24:35,1685550275,738865475
1645240,2023-05-31T16:25:34,1685550334,738865534
1645240,2023-05-31T16:26:29,1685550389,738865589
1645240,2023-05-31T16:27:24,1685550444,738865644
1645240,2023-05-31T16:27:50,1685550470,738865670
1645240,2023-05-31T16:28:26,1685550506,738865706
1645240,2023-05-31T16:28:56,1685550536,738865736
1645240,2023-05-31T16:29:38,1685550578,738865778
1645240,2023-05-31T16:31:24,1685550684,738865884
1645240,2023-05-31T16:40:54,1685551254,738866454
1645240,2023-05-31T16:51:32,1685551892,738867092
1645240,2023-05-31T18:28:24,1685557704,738872904
1645240,2023-05-31T18:30:46,1685557846,738873046
1645240,2023-05-31T18:32:58,1685557978,738873178
1645240,2023-05-31T18:34:48,1685558088,738873288
1645240,2023-05-31T18:37:17,1685558237,738873437
1645240,2023-05-31T18:39:57,1685558397,738873597
1645240,2023-05-31T18:47:14,1685558834,738874034
1645240,2023-05-31T18:54:14,1685559254,738874454
1645240,2023-05-31T20:22:00,1685564520,738879720
1645240,2023-05-31T20:24:50,1685564690,738879890
1645240,2023-05-31T20:27:21,1685564841,738880041
1645240,2023-05-31T20:28:47,1685564927,738880127
1645240,2023-05-31T20:33:30,1685565210,738880410
1645240,2023-05-31T20:34:34,1685565274,738880474
1645240,2023-05-31T20:35:04,1685565304,738880504
1645240,2023-05-31T20:36:35,1685565395,738880595
1645240,2023-05-31T20:39:22,1685565562,738880762
1645240,2023-05-31T20:44:10,1685565850,738881050
1645240,2023-05-31T20:45:18,1685565918,738881118
1645240,2023-05-31T21:42:43,1685569363,738884563
1645240,2023-05-31T22:24:19,1685571859,738887059
1645240,2023-05-31T22:31:49,1685572309,738887509
1645240,2023-05-31T22:32:33,1685572353,738887553
1645240,2023-05-31T22:33:28,1685572408,738887608
1645240,2023-05-31T22:43:54,1685573034,738888234
1645240,2023-05-31T23:33:05,1685575985,738891185
1645240,2023-05-31T23:33:40,1685576020,738891220
1645240,2023-05-31T23:34:18,1685576058,738891258
1645240,2023-05-31T23:39:49,1685576389,738891589
1645240,2023-05-31T23:43:54,1685576634,738891834
1645240,2023-05-31T23:46:54,1685576814,738892014
1645240,2023-05-31T23:53:09,1685577189,738892389
1645240,2023-06-01T00:38:31,1685579911,738895111
1645240,2023-06-01T04:20:43,1685593243,738908443
1645240,2023-06-01T05:14:41,1685596481,738911681
1645240,2023-06-01T05:16:38,1685596598,738911798
1645240,2023-06-01T05:19:09,1685596749,738911949
1645240,2023-06-01T08:52:15,1685609535,738924735
1645240,2023-06-01T08:54:08,1685609648,738924848
1645240,2023-06-01T08:56:27,1685609787,738924987
1645240,2023-06-01T09:00:15,1685610015,738925215
1645240,2023-06-01T09:02:24,1685610144,738925344
1645240,2023-06-01T09:06:50,1685610410,738925610
1645240,2023-06-01T09:07:26,1685610446,738925646
1645240,2023-06-01T09:48:33,1685612913,738928113
1645240,2023-06-01T12:13:32,1685621612,738936812
1645240,2023-06-01T12:14:03,1685621643,738936843
1645240,2023-06-01T12:14:23,1685621663,738936863
1645240,2023-06-01T12:14:48,1685621688,738936888
1645240,2023-06-01T12:15:25,1685621725,738936925
1645240,2023-06-01T12:16:59,1685621819,738937019
1645240,2023-06-01T12:18:07,1685621887,738937087
1645240,2023-06-01T12:19:09,1685621949,738937149
1645240,2023-06-01T12:19:30,1685621970,738937170
1645240,2023-06-01T12:19:50,1685621990,738937190
1645240,2023-06-01T12:20:24,1685622024,738937224
1645240,2023-06-01T12:20:53,1685622053,738937253
1645240,2023-06-01T12:21:15,1685622075,738937275
1645240,2023-06-01T12:21:36,1685622096,738937296
1645240,2023-06-01T12:21:49,1685622109,738937309
1645240,2023-06-01T12:22:17,1685622137,738937337
1645240,2023-06-01T12:22:37,1685622157,738937357
1645240,2023-06-01T12:22:51,1685622171,738937371
1645240,2023-06-01T12:22:57,1685622177,738937377
1645240,2023-06-01T12:23:08,1685622188,738937388
1645240,2023-06-01T12:23:16,1685622196,738937396
1645240,2023-06-01T12:23:29,1685622209,738937409
1645240,2023-06-01T12:23:36,1685622216,738937416
1645240,2023-06-01T12:23:46,1685622226,738937426
1645240,2023-06-01T12:23:53,1685622233,738937433
1645240,2023-06-01T12:24:04,1685622244,738937444
1645240,2023-06-01T12:24:15,1685622255,738937455
1645240,2023-06-01T12:27:14,1685622434,738937634
1645240,2023-06-01T12:41:57,1685623317,738938517
1645240,2023-06-01T12:45:44,1685623544,738938744
1645240,2023-06-01T12:47:15,1685623635,738938835
1645240,2023-06-01T12:48:04,1685623684,738938884
1645240,2023-06-01T13:41:40,1685626900,738942100
1645240,2023-06-01T13:42:05,1685626925,738942125
1645240,2023-06-01T13:42:12,1685626932,738942132
1645240,2023-06-01T13:42:22,1685626942,738942142
1645240,2023-06-01T13:42:29,1685626949,738942149
1645240,2023-06-01T13:42:37,1685626957,738942157
1645240,2023-06-01T13:42:45,1685626965,738942165
1645240,2023-06-01T13:42:54,1685626974,738942174
1645240,2023-06-01T13:43:02,1685626982,738942182
1645240,2023-06-01T13:43:10,1685626990,738942190
1645240,2023-06-01T13:43:17,1685626997,738942197
1645240,2023-06-01T13:43:25,1685627005,738942205
1645240,2023-06-01T13:43:32,1685627012,738942212
1645240,2023-06-01T13:43:46,1685627026,738942226
1645240,2023-06-01T13:44:03,1685627043,738942243
1645240,2023-06-01T13:44:26,1685627066,738942266
1645240,2023-06-01T13:44:47,1685627087,738942287
1645240,2023-06-01T13:46:11,1685627171,738942371
1645240,2023-06-01T13:49:30,1685627370,738942570
1645240,2023-06-01T13:51:48,1685627508,738942708
1645240,2023-06-01T13:52:37,1685627557,738942757
1645240,2023-06-01T13:53:14,1685627594,738942794
1645240,2023-06-01T13:53:59,1685627639,738942839
1645240,2023-06-01T13:55:18,1685627718,738942918
1645240,2023-06-01T13:57:24,1685627844,738943044
1645240,2023-06-01T14:08:05,1685628485,738943685
1645240,2023-06-01T14:18:06,1685629086,738944286
1645240,2023-06-01T14:22:52,1685629372,738944572
1645240,2023-06-01T14:27:30,1685629650,738944850
1645240,2023-06-01T14:36:38,1685630198,738945398
1645240,2023-06-01T14:44:07,1685630647,738945847
1645240,2023-06-01T14:49:07,1685630947,738946147
1645240,2023-06-01T14:58:17,1685631497,738946697
1645240,2023-06-01T15:03:49,1685631829,738947029
1645240,2023-06-01T15:10:17,1685632217,738947417
1645240,2023-06-01T15:18:55,1685632735,738947935
1645240,2023-06-01T15:25:25,1685633125,738948325
1645240,2023-06-01T15:32:44,1685633564,738948764
1645240,2023-06-01T15:38:07,1685633887,738949087
1645240,2023-06-01T15:45:00,1685634300,738949500
1645240,2023-06-01T15:55:46,1685634946,738950146
1645240,2023-06-01T16:06:18,1685635578,738950778
1645240,2023-06-01T16:12:34,1685635954,738951154
1645240,2023-06-01T16:23:09,1685636589,738951789
1645240,2023-06-01T17:18:14,1685639894,738955094
1645240,2023-06-01T20:57:48,1685653068,738968268
1645240,2023-06-01T20:58:22,1685653102,738968302
1645240,2023-06-01T21:15:12,1685654112,738969312
1645240,2023-06-02T05:46:08,1685684768,738999968
1645240,2023-06-02T10:46:31,1685702791,739017991
1645240,2023-06-02T10:47:00,1685702820,739018020
1645240,2023-06-03T02:24:27,1685759067,739074267
1645240,2023-06-03T02:26:31,1685759191,739074391
1645240,2023-06-03T04:29:10,1685766550,739081750
1645240,2023-06-03T07:08:46,1685776126,739091326
1645240,2023-06-03T10:10:44,1685787044,739102244
1645240,2023-06-03T10:12:14,1685787134,739102334
1645240,2023-06-03T10:12:42,1685787162,739102362
1645240,2023-06-03T10:12:57,1685787177,739102377
1645240,2023-06-03T10:13:24,1685787204,739102404
1645240,2023-06-03T10:14:00,1685787240,739102440
1645240,2023-06-03T10:14:29,1685787269,739102469
1645240,2023-06-03T10:14:55,1685787295,739102495
1645240,2023-06-03T10:15:51,1685787351,739102551
1645240,2023-06-03T10:17:48,1685787468,739102668
1645240,2023-06-03T10:24:30,1685787870,739103070
1645240,2023-06-03T12:27:09,1685795229,739110429
1645240,2023-06-03T20:18:07,1685823487,739138687
1645240,2023-06-05T00:08:11,1685923691,739238891
1645240,2023-06-05T00:09:36,1685923776,739238976
1645240,2023-06-05T00:10:35,1685923835,739239035
1645240,2023-06-05T00:10:51,1685923851,739239051
1645240,2023-06-05T00:11:07,1685923867,739239067
1645240,2023-06-05T00:11:38,1685923898,739239098
1645240,2023-06-05T00:12:56,1685923976,739239176
1645240,2023-06-05T00:14:03,1685924043,739239243
1645240,2023-06-05T00:31:47,1685925107,739240307
1645240,2023-06-05T03:16:01,1685934961,739250161
1645240,2023-06-05T03:19:38,1685935178,739250378
1645240,2023-06-05T03:20:55,1685935255,739250455
1645240,2023-06-05T03:21:42,1685935302,739250502
1645240,2023-06-05T03:22:28,1685935348,739250548
1645240,2023-06-05T03:24:02,1685935442,739250642
1645240,2023-06-05T03:24:51,1685935491,739250691
1645240,2023-06-05T03:27:20,1685935640,739250840
1645240,2023-06-05T03:28:32,1685935712,739250912
1645240,2023-06-05T03:31:11,1685935871,739251071
1645240,2023-06-05T03:32:40,1685935960,739251160
1645240,2023-06-05T03:35:19,1685936119,739251319
1645240,2023-06-05T03:38:14,1685936294,739251494
1645240,2023-06-05T03:46:30,1685936790,739251990
1645240,2023-06-05T04:09:27,1685938167,739253367
1645240,2023-06-05T04:10:09,1685938209,739253409
1645240,2023-06-05T04:10:48,1685938248,739253448
1645240,2023-06-05T04:11:56,1685938316,739253516
1645240,2023-06-05T04:12:47,1685938367,739253567
1645240,2023-06-05T04:13:54,1685938434,739253634
1645240,2023-06-05T04:16:09,1685938569,739253769
1645240,2023-06-05T04:32:36,1685939556,739254756
1645240,2023-06-05T13:34:13,1685972053,739287253
1645240,2023-06-05T13:36:29,1685972189,739287389
1645240,2023-06-05T13:37:20,1685972240,739287440
1645240,2023-06-05T13:37:40,1685972260,739287460
1645240,2023-06-05T13:38:04,1685972284,739287484
1645240,2023-06-05T13:38:22,1685972302,739287502
1645240,2023-06-05T13:38:46,1685972326,739287526
1645240,2023-06-05T13:39:12,1685972352,739287552
1645240,2023-06-05T13:39:41,1685972381,739287581
1645240,2023-06-05T13:39:56,1685972396,739287596
1645240,2023-06-05T13:40:18,1685972418,739287618
1645240,2023-06-05T13:40:33,1685972433,739287633
1645240,2023-06-05T13:40:49,1685972449,739287649
1645240,2023-06-05T13:40:58,1685972458,739287658
1645240,2023-06-05T13:41:39,1685972499,739287699
1645240,2023-06-05T13:43:59,1685972639,739287839
1645240,2023-06-05T15:35:43,1685979343,739294543
1645240,2023-06-06T07:47:40,1686037660,739352860
1645240,2023-06-06T07:55:23,1686038123,739353323
1645240,2023-06-06T07:55:59,1686038159,739353359
1645240,2023-06-06T07:57:42,1686038262,739353462
1645240,2023-06-06T07:58:19,1686038299,739353499
1645240,2023-06-06T07:59:58,1686038398,739353598
1645240,2023-06-06T08:37:09,1686040629,739355829
1645240,2023-06-06T10:41:06,1686048066,739363266
1645240,2023-06-06T10:41:26,1686048086,739363286
1645240,2023-06-06T10:41:38,1686048098,739363298
1645240,2023-06-06T10:41:47,1686048107,739363307
1645240,2023-06-06T10:42:00,1686048120,739363320
1645240,2023-06-06T10:42:09,1686048129,739363329
1645240,2023-06-06T10:42:27,1686048147,739363347
1645240,2023-06-06T10:42:55,1686048175,739363375
1645240,2023-06-06T10:43:19,1686048199,739363399
1645240,2023-06-06T10:43:31,1686048211,739363411
1645240,2023-06-06T10:47:03,1686048423,739363623
1645240,2023-06-06T15:08:09,1686064089,739379289
1645240,2023-06-06T17:53:12,1686073992,739389192
1645240,2023-06-06T18:28:12,1686076092,739391292
1645240,2023-06-07T08:07:45,1686125265,739440465
1645240,2023-06-07T08:09:09,1686125349,739440549
1645240,2023-06-07T08:09:54,1686125394,739440594
1645240,2023-06-07T08:10:29,1686125429,739440629
1645240,2023-06-07T08:11:09,1686125469,739440669
1645240,2023-06-07T08:11:34,1686125494,739440694
1645240,2023-06-07T08:12:02,1686125522,739440722
1645240,2023-06-07T08:12:15,1686125535,739440735
1645240,2023-06-07T08:12:29,1686125549,739440749
1645240,2023-06-07T08:12:42,1686125562,739440762
1645240,2023-06-07T08:12:59,1686125579,739440779
1645240,2023-06-07T08:13:17,1686125597,739440797
1645240,2023-06-07T08:13:39,1686125619,739440819
1645240,2023-06-07T08:14:06,1686125646,739440846
1645240,2023-06-07T08:14:21,1686125661,739440861
1645240,2023-06-07T08:14:27,1686125667,739440867
1645240,2023-06-07T08:14:38,1686125678,739440878
1645240,2023-06-07T08:14:46,1686125686,739440886
1645240,2023-06-07T08:15:01,1686125701,739440901
1645240,2023-06-07T08:24:05,1686126245,739441445
1645240,2023-06-07T08:37:34,1686127054,739442254
1645240,2023-06-07T09:32:29,1686130349,739445549
1645240,2023-06-07T09:34:14,1686130454,739445654
1645240,2023-06-07T09:34:37,1686130477,739445677
1645240,2023-06-07T09:35:58,1686130558,739445758
1645240,2023-06-07T09:46:25,1686131185,739446385
1645240,2023-06-07T09:46:51,1686131211,739446411
1645240,2023-06-07T09:47:14,1686131234,739446434
1645240,2023-06-07T09:48:17,1686131297,739446497
1645240,2023-06-07T09:49:17,1686131357,739446557
1645240,2023-06-07T09:49:52,1686131392,739446592
1645240,2023-06-07T09:50:28,1686131428,739446628
1645240,2023-06-07T09:51:08,1686131468,739446668
1645240,2023-06-07T09:51:47,1686131507,739446707
1645240,2023-06-07T09:52:22,1686131542,739446742
1645240,2023-06-07T09:52:54,1686131574,739446774
1645240,2023-06-07T09:53:22,1686131602,739446802
1645240,2023-06-07T09:53:46,1686131626,739446826
1645240,2023-06-07T09:54:18,1686131658,739446858
1645240,2023-06-07T09:54:41,1686131681,739446881
1645240,2023-06-07T09:54:55,1686131695,739446895
1645240,2023-06-07T09:55:02,1686131702,739446902
1645240,2023-06-07T09:55:09,1686131709,739446909
1645240,2023-06-07T09:55:13,1686131713,739446913
1645240,2023-06-07T09:55:18,1686131718,739446918
1645240,2023-06-07T09:55:24,1686131724,739446924
1645240,2023-06-07T09:55:30,1686131730,739446930
1645240,2023-06-07T09:55:36,1686131736,739446936
1645240,2023-06-07T09:55:47,1686131747,739446947
1645240,2023-06-07T09:56:00,1686131760,739446960
1645240,2023-06-07T09:56:42,1686131802,739447002
1645240,2023-06-07T09:57:09,1686131829,739447029
1645240,2023-06-07T09:57:27,1686131847,739447047
1645240,2023-06-07T09:57:39,1686131859,739447059
1645240,2023-06-07T09:58:25,1686131905,739447105
1645240,2023-06-07T09:59:06,1686131946,739447146
1645240,2023-06-07T09:59:42,1686131982,739447182
1645240,2023-06-07T10:01:24,1686132084,739447284
1645240,2023-06-07T10:05:46,1686132346,739447546
1645240,2023-06-07T10:08:13,1686132493,739447693
1645240,2023-06-07T10:10:52,1686132652,739447852
1645240,2023-06-07T10:18:14,1686133094,739448294
1645240,2023-06-07T11:13:15,1686136395,739451595
1645240,2023-06-07T11:26:14,1686137174,739452374
1645240,2023-06-07T11:38:12,1686137892,739453092
1645240,2023-06-07T11:42:54,1686138174,739453374
1645240,2023-06-07T11:48:35,1686138515,739453715
1645240,2023-06-07T11:53:44,1686138824,739454024
1645240,2023-06-07T12:00:58,1686139258,739454458
1645240,2023-06-07T12:14:38,1686140078,739455278
1645240,2023-06-07T12:36:43,1686141403,739456603
1645240,2023-06-07T13:16:08,1686143768,739458968
1645240,2023-06-08T05:20:17,1686201617,739516817
1645240,2023-06-09T06:34:42,1686292482,739607682
1645240,2023-06-10T01:58:52,1686362332,739677532
1645240,2023-06-10T05:07:35,1686373655,739688855
1645240,2023-06-10T12:03:17,1686398597,739713797
1645240,2023-06-10T12:25:23,1686399923,739715123
1645240,2023-06-10T12:25:41,1686399941,739715141
1645240,2023-06-10T12:25:57,1686399957,739715157
1645240,2023-06-10T12:26:13,1686399973,739715173
1645240,2023-06-10T12:26:39,1686399999,739715199
1645240,2023-06-10T12:26:52,1686400012,739715212
1645240,2023-06-10T12:27:08,1686400028,739715228
1645240,2023-06-10T12:27:52,1686400072,739715272
1645240,2023-06-10T12:28:18,1686400098,739715298
1645240,2023-06-10T12:29:17,1686400157,739715357
1645240,2023-06-10T12:30:31,1686400231,739715431
1645240,2023-06-10T12:31:54,1686400314,739715514
1645240,2023-06-10T12:32:18,1686400338,739715538
1645240,2023-06-10T12:32:55,1686400375,739715575
1645240,2023-06-10T12:33:15,1686400395,739715595
1645240,2023-06-10T12:33:34,1686400414,739715614
1645240,2023-06-10T12:33:49,1686400429,739715629
1645240,2023-06-10T12:34:11,1686400451,739715651
1645240,2023-06-10T12:34:21,1686400461,739715661
1645240,2023-06-10T12:34:35,1686400475,739715675
1645240,2023-06-10T12:34:55,1686400495,739715695
1645240,2023-06-10T12:35:27,1686400527,739715727
1645240,2023-06-10T12:35:52,1686400552,739715752
1645240,2023-06-10T12:36:30,1686400590,739715790
1645240,2023-06-10T12:39:49,1686400789,739715989
1645240,2023-06-10T12:44:11,1686401051,739716251
1645240,2023-06-10T12:45:19,1686401119,739716319
1645240,2023-06-10T12:46:26,1686401186,739716386
1645240,2023-06-10T12:48:09,1686401289,739716489
1645240,2023-06-10T12:49:43,1686401383,739716583
1645240,2023-06-10T12:50:58,1686401458,739716658
1645240,2023-06-10T12:57:27,1686401847,739717047
1645240,2023-06-10T13:10:34,1686402634,739717834
1645240,2023-06-10T13:11:38,1686402698,739717898
1645240,2023-06-10T13:12:28,1686402748,739717948
1645240,2023-06-10T13:13:13,1686402793,739717993
1645240,2023-06-10T13:13:53,1686402833,739718033
1645240,2023-06-10T13:14:12,1686402852,739718052
1645240,2023-06-10T13:14:27,1686402867,739718067
1645240,2023-06-10T13:14:37,1686402877,739718077
1645240,2023-06-10T13:14:47,1686402887,739718087
1645240,2023-06-10T13:15:08,1686402908,739718108
1645240,2023-06-10T13:15:28,1686402928,739718128
1645240,2023-06-10T13:15:46,1686402946,739718146
1645240,2023-06-10T13:16:05,1686402965,739718165
1645240,2023-06-10T13:16:30,1686402990,739718190
1645240,2023-06-10T13:17:01,1686403021,739718221
1645240,2023-06-10T13:17:34,1686403054,739718254
1645240,2023-06-10T13:17:55,1686403075,739718275
1645240,2023-06-10T13:18:19,1686403099,739718299
1645240,2023-06-10T13:18:49,1686403129,739718329
1645240,2023-06-10T13:19:21,1686403161,739718361
1645240,2023-06-10T13:19:43,1686403183,739718383
1645240,2023-06-10T13:20:05,1686403205,739718405
1645240,2023-06-10T13:20:26,1686403226,739718426
1645240,2023-06-10T13:21:02,1686403262,739718462
1645240,2023-06-10T13:21:34,1686403294,739718494
1645240,2023-06-10T13:22:08,1686403328,739718528
1645240,2023-06-10T13:22:33,1686403353,739718553
1645240,2023-06-10T13:23:01,1686403381,739718581
1645240,2023-06-10T13:23:23,1686403403,739718603
1645240,2023-06-10T13:23:49,1686403429,739718629
1645240,2023-06-10T13:24:18,1686403458,739718658
1645240,2023-06-10T13:24:42,1686403482,739718682
1645240,2023-06-10T13:24:58,1686403498,739718698
1645240,2023-06-10T13:25:16,1686403516,739718716
1645240,2023-06-10T13:25:30,1686403530,739718730
1645240,2023-06-10T13:25:52,1686403552,739718752
1645240,2023-06-10T13:26:15,1686403575,739718775
1645240,2023-06-10T13:26:44,1686403604,739718804
1645240,2023-06-10T13:27:07,1686403627,739718827
1645240,2023-06-10T13:27:44,1686403664,739718864
1645240,2023-06-10T13:28:15,1686403695,739718895
1645240,2023-06-10T13:29:26,1686403766,739718966
1645240,2023-06-10T13:30:10,1686403810,739719010
1645240,2023-06-10T13:31:06,1686403866,739719066
1645240,2023-06-10T13:32:11,1686403931,739719131
1645240,2023-06-10T13:33:43,1686404023,739719223
1645240,2023-06-10T13:35:36,1686404136,739719336
1645240,2023-06-10T13:37:19,1686404239,739719439
1645240,2023-06-10T13:39:39,1686404379,739719579
1645240,2023-06-10T13:43:56,1686404636,739719836
1645240,2023-06-10T13:49:34,1686404974,739720174
1645240,2023-06-10T13:54:44,1686405284,739720484
1645240,2023-06-10T13:57:46,1686405466,739720666
1645240,2023-06-10T14:00:43,1686405643,739720843
1645240,2023-06-10T14:03:49,1686405829,739721029
1645240,2023-06-10T14:06:51,1686406011,739721211
1645240,2023-06-10T14:09:40,1686406180,739721380
1645240,2023-06-10T14:12:10,1686406330,739721530
1645240,2023-06-10T14:14:35,1686406475,739721675
1645240,2023-06-10T14:17:41,1686406661,739721861
1645240,2023-06-10T14:20:16,1686406816,739722016
1645240,2023-06-10T14:24:05,1686407045,739722245
1645240,2023-06-10T14:28:20,1686407300,739722500
1645240,2023-06-10T14:33:28,1686407608,739722808
1645240,2023-06-10T14:36:43,1686407803,739723003
1645240,2023-06-10T14:41:40,1686408100,739723300
1645240,2023-06-10T14:47:10,1686408430,739723630
1645240,2023-06-10T14:52:07,1686408727,739723927
1645240,2023-06-10T14:57:09,1686409029,739724229
1645240,2023-06-10T15:02:23,1686409343,739724543
1645240,2023-06-10T15:06:05,1686409565,739724765
1645240,2023-06-10T15:07:50,1686409670,739724870
1645240,2023-06-10T15:09:44,1686409784,739724984
1645240,2023-06-10T15:12:16,1686409936,739725136
1645240,2023-06-10T15:16:31,1686410191,739725391
1645240,2023-06-10T15:23:42,1686410622,739725822
1645240,2023-06-10T15:32:21,1686411141,739726341
1645240,2023-06-10T15:43:57,1686411837,739727037
1645240,2023-06-10T22:33:41,1686436421,739751621
1645240,2023-06-10T22:34:16,1686436456,739751656
1645240,2023-06-10T22:34:51,1686436491,739751691
1645240,2023-06-10T22:35:17,1686436517,739751717
1645240,2023-06-10T22:35:42,1686436542,739751742
1645240,2023-06-10T22:36:01,1686436561,739751761
1645240,2023-06-10T22:36:23,1686436583,739751783
1645240,2023-06-10T22:37:37,1686436657,739751857
1645240,2023-06-10T22:44:01,1686437041,739752241
1645240,2023-06-11T06:35:06,1686465306,739780506
1645240,2023-06-11T21:31:10,1686519070,739834270
1645240,2023-06-11T21:33:51,1686519231,739834431
1645240,2023-06-11T21:35:31,1686519331,739834531
1645240,2023-06-11T21:36:03,1686519363,739834563
1645240,2023-06-11T21:36:16,1686519376,739834576
1645240,2023-06-11T21:36:28,1686519388,739834588
1645240,2023-06-11T21:36:41,1686519401,739834601
1645240,2023-06-11T21:36:50,1686519410,739834610
1645240,2023-06-11T21:37:00,1686519420,739834620
1645240,2023-06-11T21:37:10,1686519430,739834630
1645240,2023-06-11T21:37:19,1686519439,739834639
1645240,2023-06-11T21:37:30,1686519450,739834650
1645240,2023-06-11T21:37:39,1686519459,739834659
1645240,2023-06-11T21:37:48,1686519468,739834668
1645240,2023-06-11T21:37:55,1686519475,739834675
1645240,2023-06-11T21:38:03,1686519483,739834683
1645240,2023-06-11T21:38:10,1686519490,739834690
1645240,2023-06-11T21:38:18,1686519498,739834698
1645240,2023-06-11T21:38:25,1686519505,739834705
1645240,2023-06-11T21:38:32,1686519512,739834712
1645240,2023-06-11T21:38:40,1686519520,739834720
1645240,2023-06-11T21:38:49,1686519529,739834729
1645240,2023-06-11T21:38:58,1686519538,739834738
1645240,2023-06-11T21:39:09,1686519549,739834749
1645240,2023-06-11T21:39:24,1686519564,739834764
1645240,2023-06-11T21:39:43,1686519583,739834783
1645240,2023-06-11T21:40:01,1686519601,739834801
1645240,2023-06-11T21:40:25,1686519625,739834825
1645240,2023-06-11T21:40:46,1686519646,739834846
1645240,2023-06-11T21:41:10,1686519670,739834870
1645240,2023-06-11T21:41:41,1686519701,739834901
1645240,2023-06-11T21:42:16,1686519736,739834936
1645240,2023-06-11T21:42:38,1686519758,739834958
1645240,2023-06-11T21:43:05,1686519785,739834985
1645240,2023-06-11T21:43:31,1686519811,739835011
1645240,2023-06-11T21:44:56,1686519896,739835096
1645240,2023-06-11T21:47:13,1686520033,739835233
1645240,2023-06-11T21:49:39,1686520179,739835379
1645240,2023-06-11T21:53:18,1686520398,739835598
1645240,2023-06-11T22:01:04,1686520864,739836064
1645240,2023-06-11T22:15:25,1686521725,739836925
1645240,2023-06-11T22:56:01,1686524161,739839361
1645240,2023-06-12T06:46:13,1686552373,739867573
1645240,2023-06-12T10:41:43,1686566503,739881703
1645240,2023-06-12T10:42:06,1686566526,739881726
1645240,2023-06-12T10:42:20,1686566540,739881740
1645240,2023-06-12T10:42:27,1686566547,739881747
1645240,2023-06-12T10:42:36,1686566556,739881756
1645240,2023-06-12T10:42:44,1686566564,739881764
1645240,2023-06-12T10:43:05,1686566585,739881785
1645240,2023-06-12T10:45:36,1686566736,739881936
1645240,2023-06-12T12:23:48,1686572628,739887828
1645240,2023-06-12T12:36:23,1686573383,739888583
