1641660,2023-01-10T15:10:08,1673363408,726678608
1641660,2023-01-10T15:13:41,1673363621,726678821
1641660,2023-01-13T15:34:07,1673624047,726939247
1641660,2023-01-13T15:35:31,1673624131,726939331
1641660,2023-01-13T15:39:20,1673624360,726939560
1641660,2023-01-13T15:40:00,1673624400,726939600
1641660,2023-01-13T15:40:33,1673624433,726939633
1641660,2023-01-13T15:41:06,1673624466,726939666
1641660,2023-01-13T15:41:40,1673624500,726939700
1641660,2023-01-13T15:41:51,1673624511,726939711
1641660,2023-01-13T15:42:16,1673624536,726939736
1641660,2023-01-13T15:42:36,1673624556,726939756
1641660,2023-01-13T15:43:13,1673624593,726939793
1641660,2023-01-13T15:43:24,1673624604,726939804
1641660,2023-01-13T15:43:37,1673624617,726939817
1641660,2023-01-13T15:43:48,1673624628,726939828
1641660,2023-01-13T15:44:06,1673624646,726939846
1641660,2023-01-13T15:44:26,1673624666,726939866
1641660,2023-01-13T15:44:52,1673624692,726939892
1641660,2023-01-13T15:45:14,1673624714,726939914
1641660,2023-01-13T15:45:34,1673624734,726939934
1641660,2023-01-13T15:45:49,1673624749,726939949
1641660,2023-01-13T15:46:06,1673624766,726939966
1641660,2023-01-13T15:46:17,1673624777,726939977
1641660,2023-01-13T15:46:30,1673624790,726939990
1641660,2023-01-13T15:46:43,1673624803,726940003
1641660,2023-01-13T15:46:57,1673624817,726940017
1641660,2023-01-13T15:47:08,1673624828,726940028
1641660,2023-01-13T15:47:26,1673624846,726940046
1641660,2023-01-13T15:47:38,1673624858,726940058
1641660,2023-01-13T15:47:49,1673624869,726940069
1641660,2023-01-13T15:47:58,1673624878,726940078
1641660,2023-01-13T15:48:10,1673624890,726940090
1641660,2023-01-13T15:48:16,1673624896,726940096
1641660,2023-01-13T15:48:28,1673624908,726940108
1641660,2023-01-13T15:48:40,1673624920,726940120
1641660,2023-01-13T15:48:52,1673624932,726940132
1641660,2023-01-13T15:48:58,1673624938,726940138
1641660,2023-01-13T15:49:11,1673624951,726940151
1641660,2023-01-13T15:49:19,1673624959,726940159
1641660,2023-01-13T15:49:33,1673624973,726940173
1641660,2023-01-13T15:49:40,1673624980,726940180
1641660,2023-01-13T15:49:50,1673624990,726940190
1641660,2023-01-13T15:49:57,1673624997,726940197
1641660,2023-01-13T15:50:04,1673625004,726940204
1641660,2023-01-13T15:50:10,1673625010,726940210
1641660,2023-01-13T15:50:19,1673625019,726940219
1641660,2023-01-13T15:50:25,1673625025,726940225
1641660,2023-01-13T15:50:34,1673625034,726940234
1641660,2023-01-13T15:50:39,1673625039,726940239
1641660,2023-01-13T15:50:47,1673625047,726940247
1641660,2023-01-13T15:50:53,1673625053,726940253
1641660,2023-01-13T15:51:02,1673625062,726940262
1641660,2023-01-13T15:51:09,1673625069,726940269
1641660,2023-01-13T15:51:18,1673625078,726940278
1641660,2023-01-13T15:51:24,1673625084,726940284
1641660,2023-01-13T15:51:31,1673625091,726940291
1641660,2023-01-13T15:51:37,1673625097,726940297
1641660,2023-01-13T15:51:44,1673625104,726940304
1641660,2023-01-13T15:51:51,1673625111,726940311
1641660,2023-01-13T15:51:59,1673625119,726940319
1641660,2023-01-13T15:52:05,1673625125,726940325
1641660,2023-01-13T15:52:13,1673625133,726940333
1641660,2023-01-13T15:52:20,1673625140,726940340
1641660,2023-01-13T15:52:28,1673625148,726940348
1641660,2023-01-13T15:52:35,1673625155,726940355
1641660,2023-01-13T15:52:44,1673625164,726940364
1641660,2023-01-13T15:52:52,1673625172,726940372
1641660,2023-01-13T15:53:03,1673625183,726940383
1641660,2023-01-13T15:53:12,1673625192,726940392
1641660,2023-01-13T15:53:21,1673625201,726940401
1641660,2023-01-13T15:53:30,1673625210,726940410
1641660,2023-01-13T15:53:39,1673625219,726940419
1641660,2023-01-13T15:53:46,1673625226,726940426
1641660,2023-01-13T15:53:55,1673625235,726940435
1641660,2023-01-13T15:54:03,1673625243,726940443
1641660,2023-01-13T15:54:13,1673625253,726940453
1641660,2023-01-13T15:54:21,1673625261,726940461
1641660,2023-01-13T15:54:30,1673625270,726940470
1641660,2023-01-13T15:54:38,1673625278,726940478
1641660,2023-01-13T15:54:49,1673625289,726940489
1641660,2023-01-13T15:54:58,1673625298,726940498
1641660,2023-01-13T15:55:09,1673625309,726940509
1641660,2023-01-13T15:55:22,1673625322,726940522
1641660,2023-01-13T15:55:33,1673625333,726940533
1641660,2023-01-13T15:55:44,1673625344,726940544
1641660,2023-01-13T15:55:59,1673625359,726940559
1641660,2023-01-13T15:56:13,1673625373,726940573
1641660,2023-01-13T15:56:30,1673625390,726940590
1641660,2023-01-13T15:56:46,1673625406,726940606
1641660,2023-01-13T15:57:11,1673625431,726940631
1641660,2023-01-13T15:57:29,1673625449,726940649
1641660,2023-01-13T15:58:02,1673625482,726940682
1641660,2023-01-13T15:58:27,1673625507,726940707
1641660,2023-01-13T15:59:05,1673625545,726940745
1641660,2023-01-13T16:00:01,1673625601,726940801
1641660,2023-01-13T16:00:57,1673625657,726940857
1641660,2023-01-13T16:01:37,1673625697,726940897
1641660,2023-01-13T16:02:53,1673625773,726940973
1641660,2023-01-13T16:04:10,1673625850,726941050
1641660,2023-01-13T16:06:28,1673625988,726941188
1641660,2023-01-13T16:08:24,1673626104,726941304
1641660,2023-01-14T10:37:34,1673692654,727007854
1641660,2023-01-18T17:58:37,1674064717,727379917
1641660,2023-01-18T18:00:44,1674064844,727380044
1641660,2023-01-18T18:03:03,1674064983,727380183
1641660,2023-01-18T18:43:53,1674067433,727382633
1641660,2023-01-18T18:44:09,1674067449,727382649
1641660,2023-01-18T18:44:37,1674067477,727382677
1641660,2023-01-18T18:45:38,1674067538,727382738
1641660,2023-01-18T18:50:38,1674067838,727383038
1641660,2023-01-19T02:36:47,1674095807,727411007
1641660,2023-01-23T17:40:03,1674495603,727810803
1641660,2023-01-23T17:41:30,1674495690,727810890
1641660,2023-01-23T17:44:18,1674495858,727811058
1641660,2023-01-23T17:47:04,1674496024,727811224
1641660,2023-01-23T17:50:35,1674496235,727811435
1641660,2023-01-23T18:38:16,1674499096,727814296
1641660,2023-01-23T18:44:27,1674499467,727814667
1641660,2023-01-23T18:50:13,1674499813,727815013
1641660,2023-01-23T19:17:49,1674501469,727816669
1641660,2023-01-23T19:23:06,1674501786,727816986
1641660,2023-01-23T19:25:41,1674501941,727817141
1641660,2023-01-23T19:27:48,1674502068,727817268
1641660,2023-01-23T19:44:29,1674503069,727818269
1641660,2023-01-23T19:48:05,1674503285,727818485
1641660,2023-01-24T19:44:21,1674589461,727904661
1641660,2023-01-24T19:45:28,1674589528,727904728
1641660,2023-01-24T19:46:47,1674589607,727904807
1641660,2023-01-24T19:47:17,1674589637,727904837
1641660,2023-01-24T19:47:45,1674589665,727904865
1641660,2023-01-24T19:48:00,1674589680,727904880
1641660,2023-01-24T19:48:17,1674589697,727904897
1641660,2023-01-24T19:48:27,1674589707,727904907
1641660,2023-01-24T19:48:46,1674589726,727904926
1641660,2023-01-24T19:48:56,1674589736,727904936
1641660,2023-01-24T19:49:09,1674589749,727904949
1641660,2023-01-24T19:49:19,1674589759,727904959
1641660,2023-01-24T19:49:30,1674589770,727904970
1641660,2023-01-24T19:49:37,1674589777,727904977
1641660,2023-01-24T19:49:47,1674589787,727904987
1641660,2023-01-24T19:49:56,1674589796,727904996
1641660,2023-01-24T19:50:07,1674589807,727905007
1641660,2023-01-24T19:50:17,1674589817,727905017
1641660,2023-01-24T19:50:29,1674589829,727905029
1641660,2023-01-24T19:50:38,1674589838,727905038
1641660,2023-01-24T19:50:49,1674589849,727905049
1641660,2023-01-24T19:50:57,1674589857,727905057
1641660,2023-01-24T19:51:05,1674589865,727905065
1641660,2023-01-24T19:51:14,1674589874,727905074
1641660,2023-01-24T19:51:26,1674589886,727905086
1641660,2023-01-24T19:51:37,1674589897,727905097
1641660,2023-01-24T19:51:56,1674589916,727905116
1641660,2023-01-24T19:53:58,1674590038,727905238
1641660,2023-01-24T19:54:17,1674590057,727905257
1641660,2023-01-24T19:54:41,1674590081,727905281
1641660,2023-01-24T19:55:55,1674590155,727905355
1641660,2023-01-24T22:02:30,1674597750,727912950
1641660,2023-01-25T09:46:05,1674639965,727955165
1641660,2023-01-25T14:09:54,1674655794,727970994
1641660,2023-01-25T14:10:49,1674655849,727971049
1641660,2023-01-25T14:11:38,1674655898,727971098
1641660,2023-01-25T14:13:23,1674656003,727971203
1641660,2023-01-25T14:14:14,1674656054,727971254
1641660,2023-01-25T14:14:51,1674656091,727971291
1641660,2023-01-25T14:15:17,1674656117,727971317
1641660,2023-01-25T14:15:52,1674656152,727971352
1641660,2023-01-25T14:16:20,1674656180,727971380
1641660,2023-01-25T14:16:59,1674656219,727971419
1641660,2023-01-25T14:17:17,1674656237,727971437
1641660,2023-01-25T14:17:38,1674656258,727971458
1641660,2023-01-25T14:18:02,1674656282,727971482
1641660,2023-01-25T14:18:37,1674656317,727971517
1641660,2023-01-25T14:19:17,1674656357,727971557
1641660,2023-01-25T14:20:15,1674656415,727971615
1641660,2023-01-25T14:20:46,1674656446,727971646
1641660,2023-01-25T14:21:13,1674656473,727971673
1641660,2023-01-25T14:21:33,1674656493,727971693
1641660,2023-01-25T14:21:58,1674656518,727971718
1641660,2023-01-25T14:22:26,1674656546,727971746
1641660,2023-01-25T14:23:00,1674656580,727971780
1641660,2023-01-25T14:23:34,1674656614,727971814
1641660,2023-01-25T14:24:41,1674656681,727971881
1641660,2023-01-25T14:25:41,1674656741,727971941
1641660,2023-01-25T14:27:11,1674656831,727972031
1641660,2023-01-25T14:29:15,1674656955,727972155
1641660,2023-01-25T14:37:01,1674657421,727972621
1641660,2023-01-25T17:34:41,1674668081,727983281
1641660,2023-01-25T17:37:35,1674668255,727983455
1641660,2023-01-25T17:38:35,1674668315,727983515
1641660,2023-01-25T17:41:01,1674668461,727983661
1641660,2023-01-25T17:44:04,1674668644,727983844
1641660,2023-02-11T18:38:38,1676140718,729455918
1641660,2023-02-12T20:42:39,1676234559,729549759
1641660,2023-02-12T20:43:44,1676234624,729549824
1641660,2023-02-12T20:44:55,1676234695,729549895
1641660,2023-02-12T20:45:29,1676234729,729549929
1641660,2023-02-12T20:46:02,1676234762,729549962
1641660,2023-02-12T20:46:18,1676234778,729549978
1641660,2023-02-12T20:46:40,1676234800,729550000
1641660,2023-02-12T20:47:28,1676234848,729550048
1641660,2023-02-12T20:48:47,1676234927,729550127
1641660,2023-02-12T20:49:10,1676234950,729550150
1641660,2023-02-12T21:41:11,1676238071,729553271
1641660,2023-02-13T04:14:16,1676261656,729576856
1641660,2023-02-18T19:33:30,1676748810,730064010
1641660,2023-02-18T19:33:43,1676748823,730064023
1641660,2023-02-18T19:34:07,1676748847,730064047
1641660,2023-02-18T19:34:23,1676748863,730064063
1641660,2023-02-18T19:34:47,1676748887,730064087
1641660,2023-02-18T19:35:10,1676748910,730064110
1641660,2023-02-18T19:35:36,1676748936,730064136
1641660,2023-02-18T19:35:55,1676748955,730064155
1641660,2023-02-18T19:36:22,1676748982,730064182
1641660,2023-02-18T19:36:40,1676749000,730064200
1641660,2023-02-18T19:37:11,1676749031,730064231
1641660,2023-02-18T19:37:36,1676749056,730064256
1641660,2023-02-18T19:38:14,1676749094,730064294
1641660,2023-02-18T19:38:36,1676749116,730064316
1641660,2023-02-18T19:39:14,1676749154,730064354
1641660,2023-02-18T19:39:36,1676749176,730064376
1641660,2023-02-18T19:40:06,1676749206,730064406
1641660,2023-02-18T19:40:23,1676749223,730064423
1641660,2023-02-18T19:40:51,1676749251,730064451
1641660,2023-02-18T19:41:13,1676749273,730064473
1641660,2023-02-18T19:41:48,1676749308,730064508
1641660,2023-02-18T19:42:11,1676749331,730064531
1641660,2023-02-18T19:42:59,1676749379,730064579
1641660,2023-02-18T19:43:53,1676749433,730064633
1641660,2023-02-18T19:46:17,1676749577,730064777
1641660,2023-02-18T20:15:48,1676751348,730066548
1641660,2023-02-18T20:21:52,1676751712,730066912
1641660,2023-02-18T20:22:43,1676751763,730066963
1641660,2023-02-18T20:23:54,1676751834,730067034
1641660,2023-02-18T20:24:27,1676751867,730067067
1641660,2023-02-18T20:25:25,1676751925,730067125
1641660,2023-02-18T20:25:53,1676751953,730067153
1641660,2023-02-18T20:27:07,1676752027,730067227
1641660,2023-02-18T20:27:43,1676752063,730067263
1641660,2023-02-18T20:29:10,1676752150,730067350
1641660,2023-02-18T20:29:55,1676752195,730067395
1641660,2023-02-18T20:31:12,1676752272,730067472
1641660,2023-02-18T20:32:21,1676752341,730067541
1641660,2023-02-18T20:34:53,1676752493,730067693
1641660,2023-02-18T20:36:38,1676752598,730067798
1641660,2023-02-18T20:40:16,1676752816,730068016
1641660,2023-02-18T20:43:56,1676753036,730068236
1641660,2023-02-18T20:57:04,1676753824,730069024
1641660,2023-02-18T21:04:07,1676754247,730069447
1641660,2023-02-18T21:14:31,1676754871,730070071
1641660,2023-02-18T21:27:37,1676755657,730070857
1641660,2023-02-18T22:41:36,1676760096,730075296
1641660,2023-02-19T00:06:12,1676765172,730080372
1641660,2023-03-01T18:33:48,1677695628,731010828
1641660,2023-03-02T07:56:18,1677743778,731058978
1641660,2023-03-03T09:28:00,1677835680,731150880
1641660,2023-03-30T19:01:42,1680202902,733518102
1641660,2023-03-30T19:02:11,1680202931,733518131
1641660,2023-03-30T19:02:41,1680202961,733518161
1641660,2023-03-30T19:03:04,1680202984,733518184
1641660,2023-03-30T19:03:23,1680203003,733518203
1641660,2023-03-30T19:03:34,1680203014,733518214
1641660,2023-03-30T19:03:51,1680203031,733518231
1641660,2023-03-30T19:04:06,1680203046,733518246
1641660,2023-03-30T19:04:26,1680203066,733518266
1641660,2023-03-30T19:04:38,1680203078,733518278
1641660,2023-03-30T19:04:58,1680203098,733518298
1641660,2023-03-30T19:05:12,1680203112,733518312
1641660,2023-03-30T19:05:33,1680203133,733518333
1641660,2023-03-30T19:05:48,1680203148,733518348
1641660,2023-03-30T19:06:26,1680203186,733518386
1641660,2023-03-30T19:06:45,1680203205,733518405
1641660,2023-03-30T19:07:12,1680203232,733518432
1641660,2023-03-30T19:07:26,1680203246,733518446
1641660,2023-03-30T19:07:48,1680203268,733518468
1641660,2023-03-30T19:08:05,1680203285,733518485
1641660,2023-03-30T19:08:25,1680203305,733518505
1641660,2023-03-30T19:08:42,1680203322,733518522
1641660,2023-03-30T19:09:06,1680203346,733518546
1641660,2023-03-30T19:09:25,1680203365,733518565
1641660,2023-03-30T19:09:57,1680203397,733518597
1641660,2023-03-30T19:10:18,1680203418,733518618
1641660,2023-03-30T19:10:40,1680203440,733518640
1641660,2023-03-30T19:10:56,1680203456,733518656
1641660,2023-03-30T19:11:31,1680203491,733518691
1641660,2023-03-30T19:11:53,1680203513,733518713
1641660,2023-03-30T19:12:20,1680203540,733518740
1641660,2023-03-30T19:12:43,1680203563,733518763
1641660,2023-03-30T19:13:10,1680203590,733518790
1641660,2023-03-30T19:13:30,1680203610,733518810
1641660,2023-03-30T19:14:00,1680203640,733518840
1641660,2023-03-30T19:14:21,1680203661,733518861
1641660,2023-03-30T19:15:02,1680203702,733518902
1641660,2023-03-30T19:15:29,1680203729,733518929
1641660,2023-03-30T19:16:28,1680203788,733518988
1641660,2023-03-30T19:17:34,1680203854,733519054
1641660,2023-03-30T19:19:44,1680203984,733519184
1641660,2023-03-30T19:21:43,1680204103,733519303
1641660,2023-03-31T01:20:22,1680225622,733540822
1641660,2023-03-31T07:02:23,1680246143,733561343
1641660,2023-04-22T16:07:43,1682179663,735494863
1641660,2023-04-22T16:14:18,1682180058,735495258
1641660,2023-04-22T16:14:58,1682180098,735495298
1641660,2023-04-22T16:15:21,1682180121,735495321
1641660,2023-04-22T16:15:38,1682180138,735495338
1641660,2023-04-22T16:15:55,1682180155,735495355
1641660,2023-04-22T16:16:09,1682180169,735495369
1641660,2023-04-22T16:16:31,1682180191,735495391
1641660,2023-04-22T16:17:04,1682180224,735495424
1641660,2023-04-22T16:17:46,1682180266,735495466
1641660,2023-04-22T16:18:32,1682180312,735495512
1641660,2023-04-22T16:19:33,1682180373,735495573
1641660,2023-04-22T16:20:38,1682180438,735495638
1641660,2023-04-22T16:21:37,1682180497,735495697
1641660,2023-04-22T16:22:11,1682180531,735495731
1641660,2023-04-22T16:23:04,1682180584,735495784
1641660,2023-04-22T16:23:36,1682180616,735495816
1641660,2023-04-22T16:24:08,1682180648,735495848
1641660,2023-04-22T16:24:33,1682180673,735495873
1641660,2023-04-22T16:24:57,1682180697,735495897
1641660,2023-04-22T16:25:14,1682180714,735495914
1641660,2023-04-22T16:25:36,1682180736,735495936
1641660,2023-04-22T16:25:53,1682180753,735495953
1641660,2023-04-22T16:26:20,1682180780,735495980
1641660,2023-04-22T16:26:48,1682180808,735496008
1641660,2023-04-22T16:27:25,1682180845,735496045
1641660,2023-04-22T16:27:43,1682180863,735496063
1641660,2023-04-22T16:28:14,1682180894,735496094
1641660,2023-04-22T16:28:39,1682180919,735496119
1641660,2023-04-22T16:29:06,1682180946,735496146
1641660,2023-04-22T16:29:29,1682180969,735496169
1641660,2023-04-22T16:29:59,1682180999,735496199
1641660,2023-04-22T16:30:33,1682181033,735496233
1641660,2023-04-22T16:31:36,1682181096,735496296
1641660,2023-04-22T16:32:17,1682181137,735496337
1641660,2023-04-22T16:33:16,1682181196,735496396
1641660,2023-04-22T16:33:52,1682181232,735496432
1641660,2023-04-22T16:34:31,1682181271,735496471
1641660,2023-04-22T16:34:58,1682181298,735496498
1641660,2023-04-22T16:35:25,1682181325,735496525
1641660,2023-04-22T16:35:57,1682181357,735496557
1641660,2023-04-22T16:36:23,1682181383,735496583
1641660,2023-04-22T16:36:45,1682181405,735496605
1641660,2023-04-22T16:37:15,1682181435,735496635
1641660,2023-04-22T16:37:37,1682181457,735496657
1641660,2023-04-22T16:38:10,1682181490,735496690
1641660,2023-04-22T16:38:36,1682181516,735496716
1641660,2023-04-22T16:39:05,1682181545,735496745
1641660,2023-04-22T16:39:29,1682181569,735496769
1641660,2023-04-22T16:40:03,1682181603,735496803
1641660,2023-04-22T16:40:33,1682181633,735496833
1641660,2023-04-22T16:41:15,1682181675,735496875
1641660,2023-04-22T16:41:50,1682181710,735496910
1641660,2023-04-22T16:42:34,1682181754,735496954
1641660,2023-04-22T16:43:25,1682181805,735497005
1641660,2023-04-22T16:44:21,1682181861,735497061
1641660,2023-04-22T16:45:07,1682181907,735497107
1641660,2023-04-22T16:46:28,1682181988,735497188
1641660,2023-04-22T16:47:23,1682182043,735497243
1641660,2023-04-22T16:48:53,1682182133,735497333
1641660,2023-04-22T16:50:06,1682182206,735497406
1641660,2023-04-22T16:51:41,1682182301,735497501
1641660,2023-04-22T16:53:02,1682182382,735497582
1641660,2023-04-22T16:55:06,1682182506,735497706
1641660,2023-04-22T16:56:54,1682182614,735497814
1641660,2023-04-22T16:59:51,1682182791,735497991
1641660,2023-04-22T17:03:19,1682182999,735498199
1641660,2023-04-22T22:34:07,1682202847,735518047
1641660,2023-04-23T03:45:37,1682221537,735536737
1641660,2023-04-23T16:38:22,1682267902,735583102
1641660,2023-04-23T16:39:49,1682267989,735583189
1641660,2023-04-23T16:41:19,1682268079,735583279
1641660,2023-04-23T16:42:45,1682268165,735583365
1641660,2023-04-23T16:43:44,1682268224,735583424
1641660,2023-04-23T16:44:12,1682268252,735583452
1641660,2023-04-23T16:44:44,1682268284,735583484
1641660,2023-04-23T16:45:03,1682268303,735583503
1641660,2023-04-23T16:45:55,1682268355,735583555
1641660,2023-04-23T16:46:55,1682268415,735583615
1641660,2023-04-23T16:48:06,1682268486,735583686
1641660,2023-04-23T16:48:36,1682268516,735583716
1641660,2023-04-23T16:49:27,1682268567,735583767
1641660,2023-04-23T16:49:54,1682268594,735583794
1641660,2023-04-23T16:50:41,1682268641,735583841
1641660,2023-04-23T16:51:21,1682268681,735583881
1641660,2023-04-23T16:52:11,1682268731,735583931
1641660,2023-04-23T16:52:52,1682268772,735583972
1641660,2023-04-23T16:53:38,1682268818,735584018
1641660,2023-04-23T16:54:13,1682268853,735584053
1641660,2023-04-23T16:55:08,1682268908,735584108
1641660,2023-04-23T16:55:44,1682268944,735584144
1641660,2023-04-23T16:56:34,1682268994,735584194
1641660,2023-04-23T16:57:10,1682269030,735584230
1641660,2023-04-23T16:58:15,1682269095,735584295
1641660,2023-04-23T16:58:58,1682269138,735584338
1641660,2023-04-23T17:00:34,1682269234,735584434
1641660,2023-04-23T17:01:52,1682269312,735584512
1641660,2023-04-23T17:03:26,1682269406,735584606
1641660,2023-04-23T17:04:51,1682269491,735584691
1641660,2023-04-23T17:06:51,1682269611,735584811
1641660,2023-04-23T17:08:31,1682269711,735584911
1641660,2023-04-23T17:10:36,1682269836,735585036
1641660,2023-04-23T17:12:06,1682269926,735585126
1641660,2023-04-23T17:15:15,1682270115,735585315
1641660,2023-04-23T17:20:12,1682270412,735585612
1641660,2023-04-23T18:02:16,1682272936,735588136
1641660,2023-04-23T18:12:13,1682273533,735588733
1641660,2023-04-23T18:30:13,1682274613,735589813
1641660,2023-04-23T18:35:26,1682274926,735590126
1641660,2023-04-23T18:50:19,1682275819,735591019
1641660,2023-04-23T19:59:42,1682279982,735595182
1641660,2023-04-24T11:28:26,1682335706,735650906
1641660,2023-04-24T15:34:14,1682350454,735665654
1641660,2023-04-24T15:36:08,1682350568,735665768
1641660,2023-04-24T15:36:31,1682350591,735665791
1641660,2023-04-24T15:37:21,1682350641,735665841
1641660,2023-04-24T15:38:02,1682350682,735665882
1641660,2023-04-24T15:38:23,1682350703,735665903
1641660,2023-04-24T15:38:36,1682350716,735665916
1641660,2023-04-24T15:38:52,1682350732,735665932
1641660,2023-04-24T15:39:04,1682350744,735665944
1641660,2023-04-24T15:39:16,1682350756,735665956
1641660,2023-04-24T15:39:26,1682350766,735665966
1641660,2023-04-24T15:39:37,1682350777,735665977
1641660,2023-04-24T15:39:51,1682350791,735665991
1641660,2023-04-24T15:40:00,1682350800,735666000
1641660,2023-04-24T15:40:07,1682350807,735666007
1641660,2023-04-24T15:40:20,1682350820,735666020
1641660,2023-04-24T15:40:39,1682350839,735666039
1641660,2023-04-24T15:41:20,1682350880,735666080
1641660,2023-04-24T15:41:43,1682350903,735666103
1641660,2023-04-24T15:42:19,1682350939,735666139
1641660,2023-04-24T15:42:42,1682350962,735666162
1641660,2023-04-24T15:44:18,1682351058,735666258
1641660,2023-04-24T17:46:21,1682358381,735673581
1641660,2023-04-24T18:12:51,1682359971,735675171
1641660,2023-04-24T18:31:02,1682361062,735676262
1641660,2023-04-24T18:59:42,1682362782,735677982
1641660,2023-04-24T23:43:34,1682379814,735695014
1641660,2023-04-25T05:56:34,1682402194,735717394
1641660,2023-05-09T19:48:36,1683661716,736976916
1641660,2023-05-09T19:52:00,1683661920,736977120
1641660,2023-05-09T20:00:23,1683662423,736977623
1641660,2023-05-09T20:20:50,1683663650,736978850
1641660,2023-05-09T20:22:29,1683663749,736978949
1641660,2023-05-09T20:24:54,1683663894,736979094
1641660,2023-05-09T20:26:54,1683664014,736979214
1641660,2023-05-09T20:32:23,1683664343,736979543
1641660,2023-05-09T20:33:27,1683664407,736979607
1641660,2023-05-09T20:35:08,1683664508,736979708
1641660,2023-05-09T20:36:24,1683664584,736979784
1641660,2023-05-09T20:40:22,1683664822,736980022
1641660,2023-05-09T20:41:59,1683664919,736980119
1641660,2023-05-09T20:44:13,1683665053,736980253
1641660,2023-05-09T20:45:38,1683665138,736980338
1641660,2023-05-09T20:47:42,1683665262,736980462
1641660,2023-05-09T20:49:11,1683665351,736980551
1641660,2023-05-09T20:51:26,1683665486,736980686
1641660,2023-05-09T20:52:49,1683665569,736980769
1641660,2023-05-09T20:56:13,1683665773,736980973
1641660,2023-05-09T20:58:25,1683665905,736981105
1641660,2023-05-09T21:11:46,1683666706,736981906
1641660,2023-05-10T03:19:30,1683688770,737003970
1641660,2023-05-14T19:06:22,1684091182,737406382
1641660,2023-05-14T20:23:18,1684095798,737410998
1641660,2023-05-14T21:38:42,1684100322,737415522
1641660,2023-05-15T03:51:12,1684122672,737437872
1641660,2023-05-15T20:22:33,1684182153,737497353
1641660,2023-05-15T20:23:32,1684182212,737497412
1641660,2023-05-15T20:26:54,1684182414,737497614
1641660,2023-05-16T04:31:40,1684211500,737526700
1641660,2023-05-16T10:24:27,1684232667,737547867
1641660,2023-05-30T17:16:05,1685466965,738782165
1641660,2023-05-30T17:18:41,1685467121,738782321
1641660,2023-05-30T18:56:20,1685472980,738788180
1641660,2023-05-30T19:59:51,1685476791,738791991
1641660,2023-05-30T20:02:38,1685476958,738792158
1641660,2023-05-30T20:05:33,1685477133,738792333
1641660,2023-05-30T20:42:30,1685479350,738794550
1641660,2023-05-30T21:25:27,1685481927,738797127
1641660,2023-05-30T21:29:08,1685482148,738797348
1641660,2023-05-30T21:30:25,1685482225,738797425
1641660,2023-05-30T21:30:45,1685482245,738797445
1641660,2023-05-30T21:31:02,1685482262,738797462
1641660,2023-05-30T21:31:13,1685482273,738797473
1641660,2023-05-30T21:31:30,1685482290,738797490
1641660,2023-05-30T21:31:45,1685482305,738797505
1641660,2023-05-30T21:32:08,1685482328,738797528
1641660,2023-05-30T21:32:29,1685482349,738797549
1641660,2023-05-30T21:33:19,1685482399,738797599
1641660,2023-05-30T21:33:41,1685482421,738797621
1641660,2023-05-30T21:34:48,1685482488,738797688
1641660,2023-05-30T21:35:33,1685482533,738797733
1641660,2023-05-30T21:37:32,1685482652,738797852
1641660,2023-05-30T21:38:08,1685482688,738797888
1641660,2023-05-30T21:39:01,1685482741,738797941
1641660,2023-05-30T21:39:21,1685482761,738797961
1641660,2023-05-30T21:39:55,1685482795,738797995
1641660,2023-05-30T21:40:16,1685482816,738798016
1641660,2023-05-30T21:40:51,1685482851,738798051
1641660,2023-05-30T21:41:23,1685482883,738798083
1641660,2023-05-30T21:41:59,1685482919,738798119
1641660,2023-05-30T21:42:18,1685482938,738798138
1641660,2023-05-30T21:42:55,1685482975,738798175
1641660,2023-05-30T21:43:12,1685482992,738798192
1641660,2023-05-30T21:43:42,1685483022,738798222
1641660,2023-05-30T21:43:54,1685483034,738798234
1641660,2023-05-30T21:44:21,1685483061,738798261
1641660,2023-05-30T21:44:51,1685483091,738798291
1641660,2023-05-30T21:46:31,1685483191,738798391
1641660,2023-05-30T21:47:10,1685483230,738798430
1641660,2023-05-30T21:48:37,1685483317,738798517
1641660,2023-05-30T21:49:51,1685483391,738798591
1641660,2023-05-30T23:23:24,1685489004,738804204
1641660,2023-05-30T23:24:09,1685489049,738804249
1641660,2023-05-30T23:26:10,1685489170,738804370
1641660,2023-05-30T23:29:14,1685489354,738804554
1641660,2023-05-30T23:50:32,1685490632,738805832
1641660,2023-05-30T23:53:27,1685490807,738806007
1641660,2023-05-31T00:13:21,1685492001,738807201
1641660,2023-05-31T04:36:06,1685507766,738822966
1641660,2023-05-31T06:02:28,1685512948,738828148
1641660,2023-05-31T07:53:12,1685519592,738834792
1641660,2023-05-31T11:22:54,1685532174,738847374
1641660,2023-05-31T11:33:20,1685532800,738848000
1641660,2023-05-31T15:03:44,1685545424,738860624
1641660,2023-05-31T15:05:51,1685545551,738860751
1641660,2023-05-31T15:07:01,1685545621,738860821
1641660,2023-05-31T15:07:20,1685545640,738860840
1641660,2023-05-31T15:08:00,1685545680,738860880
1641660,2023-05-31T15:09:08,1685545748,738860948
1641660,2023-05-31T15:09:50,1685545790,738860990
1641660,2023-05-31T15:10:12,1685545812,738861012
1641660,2023-05-31T15:10:45,1685545845,738861045
1641660,2023-05-31T15:11:06,1685545866,738861066
1641660,2023-05-31T15:11:20,1685545880,738861080
1641660,2023-05-31T15:11:28,1685545888,738861088
1641660,2023-05-31T15:11:35,1685545895,738861095
1641660,2023-05-31T15:11:44,1685545904,738861104
1641660,2023-05-31T15:12:00,1685545920,738861120
1641660,2023-05-31T15:12:12,1685545932,738861132
1641660,2023-05-31T15:12:25,1685545945,738861145
1641660,2023-05-31T15:12:39,1685545959,738861159
1641660,2023-05-31T15:13:48,1685546028,738861228
1641660,2023-05-31T15:16:19,1685546179,738861379
1641660,2023-05-31T15:32:41,1685547161,738862361
1641660,2023-05-31T15:33:15,1685547195,738862395
1641660,2023-05-31T15:34:03,1685547243,738862443
1641660,2023-05-31T15:34:52,1685547292,738862492
1641660,2023-05-31T15:35:20,1685547320,738862520
1641660,2023-05-31T15:35:51,1685547351,738862551
1641660,2023-05-31T15:36:52,1685547412,738862612
1641660,2023-05-31T15:37:17,1685547437,738862637
1641660,2023-05-31T15:37:59,1685547479,738862679
1641660,2023-05-31T15:38:30,1685547510,738862710
1641660,2023-05-31T15:39:48,1685547588,738862788
1641660,2023-05-31T15:40:35,1685547635,738862835
1641660,2023-05-31T15:41:55,1685547715,738862915
1641660,2023-05-31T15:46:04,1685547964,738863164
1641660,2023-05-31T16:24:53,1685550293,738865493
1641660,2023-05-31T16:25:53,1685550353,738865553
1641660,2023-05-31T16:26:52,1685550412,738865612
1641660,2023-05-31T16:27:11,1685550431,738865631
1641660,2023-05-31T16:27:40,1685550460,738865660
1641660,2023-05-31T16:28:03,1685550483,738865683
1641660,2023-05-31T16:28:32,1685550512,738865712
1641660,2023-05-31T16:28:57,1685550537,738865737
1641660,2023-05-31T16:32:00,1685550720,738865920
1641660,2023-05-31T16:40:56,1685551256,738866456
1641660,2023-05-31T16:57:07,1685552227,738867427
1641660,2023-05-31T18:27:42,1685557662,738872862
1641660,2023-05-31T18:32:07,1685557927,738873127
1641660,2023-05-31T18:34:18,1685558058,738873258
1641660,2023-05-31T18:37:46,1685558266,738873466
1641660,2023-05-31T18:40:11,1685558411,738873611
1641660,2023-05-31T18:51:15,1685559075,738874275
1641660,2023-05-31T19:01:24,1685559684,738874884
1641660,2023-05-31T20:23:56,1685564636,738879836
1641660,2023-05-31T20:27:02,1685564822,738880022
1641660,2023-05-31T20:29:30,1685564970,738880170
1641660,2023-05-31T20:33:28,1685565208,738880408
1641660,2023-05-31T20:34:15,1685565255,738880455
1641660,2023-05-31T20:34:36,1685565276,738880476
1641660,2023-05-31T20:35:24,1685565324,738880524
1641660,2023-05-31T20:36:27,1685565387,738880587
1641660,2023-05-31T20:39:25,1685565565,738880765
1641660,2023-05-31T20:43:19,1685565799,738880999
1641660,2023-05-31T20:45:06,1685565906,738881106
1641660,2023-05-31T21:16:53,1685567813,738883013
1641660,2023-05-31T22:31:44,1685572304,738887504
1641660,2023-05-31T22:32:19,1685572339,738887539
1641660,2023-05-31T22:33:59,1685572439,738887639
1641660,2023-05-31T23:31:52,1685575912,738891112
1641660,2023-05-31T23:33:08,1685575988,738891188
1641660,2023-05-31T23:33:49,1685576029,738891229
1641660,2023-05-31T23:40:27,1685576427,738891627
1641660,2023-05-31T23:43:34,1685576614,738891814
1641660,2023-05-31T23:48:28,1685576908,738892108
1641660,2023-05-31T23:55:21,1685577321,738892521
1641660,2023-06-01T00:58:04,1685581084,738896284
1641660,2023-06-01T05:10:56,1685596256,738911456
1641660,2023-06-01T05:15:01,1685596501,738911701
1641660,2023-06-01T05:16:12,1685596572,738911772
1641660,2023-06-01T05:18:49,1685596729,738911929
1641660,2023-06-01T06:15:56,1685600156,738915356
1641660,2023-06-01T08:54:07,1685609647,738924847
1641660,2023-06-01T08:56:34,1685609794,738924994
1641660,2023-06-01T08:59:31,1685609971,738925171
1641660,2023-06-01T08:59:59,1685609999,738925199
1641660,2023-06-01T09:00:34,1685610034,738925234
1641660,2023-06-01T09:02:27,1685610147,738925347
1641660,2023-06-01T09:08:42,1685610522,738925722
1641660,2023-06-01T09:48:32,1685612912,738928112
1641660,2023-06-01T12:13:24,1685621604,738936804
1641660,2023-06-01T12:14:02,1685621642,738936842
1641660,2023-06-01T12:15:08,1685621708,738936908
1641660,2023-06-01T12:16:50,1685621810,738937010
1641660,2023-06-01T12:17:51,1685621871,738937071
1641660,2023-06-01T12:18:12,1685621892,738937092
1641660,2023-06-01T12:18:29,1685621909,738937109
1641660,2023-06-01T12:18:40,1685621920,738937120
1641660,2023-06-01T12:18:54,1685621934,738937134
1641660,2023-06-01T12:19:08,1685621948,738937148
1641660,2023-06-01T12:19:25,1685621965,738937165
1641660,2023-06-01T12:19:44,1685621984,738937184
1641660,2023-06-01T12:20:05,1685622005,738937205
1641660,2023-06-01T12:20:15,1685622015,738937215
1641660,2023-06-01T12:20:26,1685622026,738937226
1641660,2023-06-01T12:20:37,1685622037,738937237
1641660,2023-06-01T12:20:50,1685622050,738937250
1641660,2023-06-01T12:21:06,1685622066,738937266
1641660,2023-06-01T12:21:23,1685622083,738937283
1641660,2023-06-01T12:21:45,1685622105,738937305
1641660,2023-06-01T12:22:02,1685622122,738937322
1641660,2023-06-01T12:22:09,1685622129,738937329
1641660,2023-06-01T12:22:18,1685622138,738937338
1641660,2023-06-01T12:22:26,1685622146,738937346
1641660,2023-06-01T12:22:34,1685622154,738937354
1641660,2023-06-01T12:22:42,1685622162,738937362
1641660,2023-06-01T12:22:50,1685622170,738937370
1641660,2023-06-01T12:22:57,1685622177,738937377
1641660,2023-06-01T12:23:22,1685622202,738937402
1641660,2023-06-01T12:23:48,1685622228,738937428
1641660,2023-06-01T12:40:35,1685623235,738938435
1641660,2023-06-01T12:44:13,1685623453,738938653
1641660,2023-06-01T12:46:53,1685623613,738938813
1641660,2023-06-01T12:47:48,1685623668,738938868
1641660,2023-06-01T13:41:33,1685626893,738942093
1641660,2023-06-01T13:41:44,1685626904,738942104
1641660,2023-06-01T13:41:53,1685626913,738942113
1641660,2023-06-01T13:42:01,1685626921,738942121
1641660,2023-06-01T13:42:10,1685626930,738942130
1641660,2023-06-01T13:42:14,1685626934,738942134
1641660,2023-06-01T13:42:21,1685626941,738942141
1641660,2023-06-01T13:42:26,1685626946,738942146
1641660,2023-06-01T13:42:35,1685626955,738942155
1641660,2023-06-01T13:42:40,1685626960,738942160
1641660,2023-06-01T13:42:50,1685626970,738942170
1641660,2023-06-01T13:42:56,1685626976,738942176
1641660,2023-06-01T13:43:07,1685626987,738942187
1641660,2023-06-01T13:43:16,1685626996,738942196
1641660,2023-06-01T13:43:38,1685627018,738942218
1641660,2023-06-01T13:44:02,1685627042,738942242
1641660,2023-06-01T13:45:05,1685627105,738942305
1641660,2023-06-01T13:46:47,1685627207,738942407
1641660,2023-06-01T13:51:19,1685627479,738942679
1641660,2023-06-01T13:52:04,1685627524,738942724
1641660,2023-06-01T13:52:46,1685627566,738942766
1641660,2023-06-01T13:53:20,1685627600,738942800
1641660,2023-06-01T13:55:03,1685627703,738942903
1641660,2023-06-01T13:56:54,1685627814,738943014
1641660,2023-06-01T14:11:06,1685628666,738943866
1641660,2023-06-01T14:17:14,1685629034,738944234
1641660,2023-06-01T14:22:00,1685629320,738944520
1641660,2023-06-01T14:25:46,1685629546,738944746
1641660,2023-06-01T14:36:45,1685630205,738945405
1641660,2023-06-01T14:43:02,1685630582,738945782
1641660,2023-06-01T14:48:48,1685630928,738946128
1641660,2023-06-01T14:56:27,1685631387,738946587
1641660,2023-06-01T15:03:43,1685631823,738947023
1641660,2023-06-01T15:08:18,1685632098,738947298
1641660,2023-06-01T15:17:42,1685632662,738947862
1641660,2023-06-01T15:23:41,1685633021,738948221
1641660,2023-06-01T15:29:35,1685633375,738948575
1641660,2023-06-01T15:36:05,1685633765,738948965
1641660,2023-06-01T15:42:54,1685634174,738949374
1641660,2023-06-01T15:55:18,1685634918,738950118
1641660,2023-06-01T16:07:23,1685635643,738950843
1641660,2023-06-01T16:13:52,1685636032,738951232
1641660,2023-06-01T16:34:15,1685637255,738952455
1641660,2023-06-01T17:44:43,1685641483,738956683
1641660,2023-06-01T20:58:24,1685653104,738968304
1641660,2023-06-01T20:59:56,1685653196,738968396
1641660,2023-06-02T04:47:16,1685681236,738996436
1641660,2023-06-02T10:45:59,1685702759,739017959
1641660,2023-06-02T10:46:24,1685702784,739017984
1641660,2023-06-02T16:52:36,1685724756,739039956
1641660,2023-06-03T02:24:31,1685759071,739074271
1641660,2023-06-03T02:28:52,1685759332,739074532
1641660,2023-06-03T07:15:23,1685776523,739091723
1641660,2023-06-03T10:11:36,1685787096,739102296
1641660,2023-06-03T10:12:14,1685787134,739102334
1641660,2023-06-03T10:12:42,1685787162,739102362
1641660,2023-06-03T10:13:50,1685787230,739102430
1641660,2023-06-03T10:14:25,1685787265,739102465
1641660,2023-06-03T10:16:02,1685787362,739102562
1641660,2023-06-03T10:18:35,1685787515,739102715
1641660,2023-06-03T10:55:48,1685789748,739104948
1641660,2023-06-03T12:27:29,1685795249,739110449
1641660,2023-06-04T04:17:40,1685852260,739167460
1641660,2023-06-05T00:07:50,1685923670,739238870
1641660,2023-06-05T00:08:42,1685923722,739238922
1641660,2023-06-05T00:09:48,1685923788,739238988
1641660,2023-06-05T00:10:42,1685923842,739239042
1641660,2023-06-05T00:11:01,1685923861,739239061
1641660,2023-06-05T00:11:45,1685923905,739239105
1641660,2023-06-05T00:12:34,1685923954,739239154
1641660,2023-06-05T00:21:38,1685924498,739239698
1641660,2023-06-05T02:25:26,1685931926,739247126
1641660,2023-06-05T03:19:31,1685935171,739250371
1641660,2023-06-05T03:19:53,1685935193,739250393
1641660,2023-06-05T03:20:23,1685935223,739250423
1641660,2023-06-05T03:20:35,1685935235,739250435
1641660,2023-06-05T03:21:04,1685935264,739250464
1641660,2023-06-05T03:21:35,1685935295,739250495
1641660,2023-06-05T03:27:28,1685935648,739250848
1641660,2023-06-05T03:31:02,1685935862,739251062
1641660,2023-06-05T03:32:26,1685935946,739251146
1641660,2023-06-05T03:35:27,1685936127,739251327
1641660,2023-06-05T03:40:32,1685936432,739251632
1641660,2023-06-05T04:08:33,1685938113,739253313
1641660,2023-06-05T04:09:14,1685938154,739253354
1641660,2023-06-05T04:09:29,1685938169,739253369
1641660,2023-06-05T04:10:15,1685938215,739253415
1641660,2023-06-05T04:11:14,1685938274,739253474
1641660,2023-06-05T04:13:45,1685938425,739253625
1641660,2023-06-05T04:14:59,1685938499,739253699
1641660,2023-06-05T04:37:33,1685939853,739255053
1641660,2023-06-05T13:36:32,1685972192,739287392
1641660,2023-06-05T13:37:37,1685972257,739287457
1641660,2023-06-05T13:38:09,1685972289,739287489
1641660,2023-06-05T13:38:49,1685972329,739287529
1641660,2023-06-05T13:39:35,1685972375,739287575
1641660,2023-06-05T13:40:04,1685972404,739287604
1641660,2023-06-05T13:40:19,1685972419,739287619
1641660,2023-06-05T13:41:17,1685972477,739287677
1641660,2023-06-05T13:44:48,1685972688,739287888
1641660,2023-06-05T15:35:42,1685979342,739294542
1641660,2023-06-05T15:55:54,1685980554,739295754
1641660,2023-06-06T07:56:27,1686038187,739353387
1641660,2023-06-06T07:57:00,1686038220,739353420
1641660,2023-06-06T07:57:20,1686038240,739353440
1641660,2023-06-06T07:57:52,1686038272,739353472
1641660,2023-06-06T07:59:20,1686038360,739353560
1641660,2023-06-06T08:02:47,1686038567,739353767
1641660,2023-06-06T10:40:58,1686048058,739363258
1641660,2023-06-06T10:41:13,1686048073,739363273
1641660,2023-06-06T10:41:21,1686048081,739363281
1641660,2023-06-06T10:41:28,1686048088,739363288
1641660,2023-06-06T10:41:40,1686048100,739363300
1641660,2023-06-06T10:41:50,1686048110,739363310
1641660,2023-06-06T10:42:11,1686048131,739363331
1641660,2023-06-06T10:42:20,1686048140,739363340
1641660,2023-06-06T10:42:37,1686048157,739363357
1641660,2023-06-06T10:42:47,1686048167,739363367
1641660,2023-06-06T10:43:02,1686048182,739363382
1641660,2023-06-06T10:43:23,1686048203,739363403
1641660,2023-06-06T10:44:35,1686048275,739363475
1641660,2023-06-06T15:25:55,1686065155,739380355
1641660,2023-06-06T18:26:06,1686075966,739391166
1641660,2023-06-06T22:37:56,1686091076,739406276
1641660,2023-06-07T08:05:42,1686125142,739440342
1641660,2023-06-07T08:07:10,1686125230,739440430
1641660,2023-06-07T08:09:08,1686125348,739440548
1641660,2023-06-07T08:09:51,1686125391,739440591
1641660,2023-06-07T08:10:42,1686125442,739440642
1641660,2023-06-07T08:11:06,1686125466,739440666
1641660,2023-06-07T08:11:41,1686125501,739440701
1641660,2023-06-07T08:12:02,1686125522,739440722
1641660,2023-06-07T08:12:23,1686125543,739440743
1641660,2023-06-07T08:12:34,1686125554,739440754
1641660,2023-06-07T08:13:00,1686125580,739440780
1641660,2023-06-07T08:13:17,1686125597,739440797
1641660,2023-06-07T08:13:38,1686125618,739440818
1641660,2023-06-07T08:13:48,1686125628,739440828
1641660,2023-06-07T08:14:01,1686125641,739440841
1641660,2023-06-07T08:14:09,1686125649,739440849
1641660,2023-06-07T08:14:23,1686125663,739440863
1641660,2023-06-07T08:14:35,1686125675,739440875
1641660,2023-06-07T08:29:37,1686126577,739441777
1641660,2023-06-07T08:36:53,1686127013,739442213
1641660,2023-06-07T09:33:55,1686130435,739445635
1641660,2023-06-07T09:34:33,1686130473,739445673
1641660,2023-06-07T09:46:21,1686131181,739446381
1641660,2023-06-07T09:47:08,1686131228,739446428
1641660,2023-06-07T09:48:50,1686131330,739446530
1641660,2023-06-07T09:49:15,1686131355,739446555
1641660,2023-06-07T09:49:53,1686131393,739446593
1641660,2023-06-07T09:50:35,1686131435,739446635
1641660,2023-06-07T09:51:08,1686131468,739446668
1641660,2023-06-07T09:51:31,1686131491,739446691
1641660,2023-06-07T09:52:11,1686131531,739446731
1641660,2023-06-07T09:52:35,1686131555,739446755
1641660,2023-06-07T09:52:56,1686131576,739446776
1641660,2023-06-07T09:53:19,1686131599,739446799
1641660,2023-06-07T09:53:41,1686131621,739446821
1641660,2023-06-07T09:53:51,1686131631,739446831
1641660,2023-06-07T09:54:10,1686131650,739446850
1641660,2023-06-07T09:54:23,1686131663,739446863
1641660,2023-06-07T09:54:31,1686131671,739446871
1641660,2023-06-07T09:54:35,1686131675,739446875
1641660,2023-06-07T09:54:44,1686131684,739446884
1641660,2023-06-07T09:54:50,1686131690,739446890
1641660,2023-06-07T09:55:01,1686131701,739446901
1641660,2023-06-07T09:55:17,1686131717,739446917
1641660,2023-06-07T09:55:30,1686131730,739446930
1641660,2023-06-07T09:55:43,1686131743,739446943
1641660,2023-06-07T09:56:15,1686131775,739446975
1641660,2023-06-07T09:56:46,1686131806,739447006
1641660,2023-06-07T09:57:16,1686131836,739447036
1641660,2023-06-07T09:57:31,1686131851,739447051
1641660,2023-06-07T09:58:52,1686131932,739447132
1641660,2023-06-07T09:59:25,1686131965,739447165
1641660,2023-06-07T10:02:08,1686132128,739447328
1641660,2023-06-07T10:05:50,1686132350,739447550
1641660,2023-06-07T10:09:23,1686132563,739447763
1641660,2023-06-07T10:14:11,1686132851,739448051
1641660,2023-06-07T10:59:27,1686135567,739450767
1641660,2023-06-07T11:22:39,1686136959,739452159
1641660,2023-06-07T11:37:31,1686137851,739453051
1641660,2023-06-07T11:41:14,1686138074,739453274
1641660,2023-06-07T11:46:48,1686138408,739453608
1641660,2023-06-07T11:50:51,1686138651,739453851
1641660,2023-06-07T11:57:56,1686139076,739454276
1641660,2023-06-07T12:07:55,1686139675,739454875
1641660,2023-06-07T12:29:59,1686140999,739456199
1641660,2023-06-07T12:56:54,1686142614,739457814
1641660,2023-06-08T01:46:51,1686188811,739504011
