8364224,2023-10-05T10:56:19,1696503379,749818579,25.52,100.00
8364224,2023-10-05T14:06:01,1696514761,749829961,25.53,100.00
8364224,2023-10-05T18:45:57,1696531557,749846757,25.54,100.00
8364224,2023-10-05T22:08:42,1696543722,749858922,25.56,100.00
8364224,2023-10-06T02:24:33,1696559073,749874273,25.52,100.00
8364224,2023-10-06T05:38:49,1696570729,749885929,25.45,100.00
8364224,2023-10-06T09:46:29,1696585589,749900789,25.55,100.00
8364224,2023-10-06T13:18:22,1696598302,749913502,25.55,100.00
8364224,2023-10-06T17:18:23,1696612703,749927903,25.57,100.00
8364224,2023-10-06T20:47:03,1696625223,749940423,25.58,100.00
8364224,2023-10-07T00:48:52,1696639732,749954932,25.60,100.00
8364224,2023-10-07T04:22:33,1696652553,749967753,25.50,100.00
8364224,2023-10-07T08:27:34,1696667254,749982454,25.55,100.00
8364224,2023-10-07T11:44:07,1696679047,749994247,25.56,100.00
8364224,2023-10-07T16:16:43,1696695403,750010603,25.58,100.00
8364224,2023-10-07T19:41:50,1696707710,750022910,25.61,100.00
8364224,2023-10-07T23:56:06,1696722966,750038166,25.60,100.00
8364224,2023-10-08T03:35:44,1696736144,750051344,25.52,100.00
8364224,2023-10-08T07:51:18,1696751478,750066678,25.49,100.00
8364224,2023-10-08T11:12:11,1696763531,750078731,25.44,100.00
8364224,2023-10-08T15:05:04,1696777504,750092704,25.51,100.00
8364224,2023-10-08T18:31:44,1696789904,750105104,25.53,100.00
8364224,2023-10-08T22:25:18,1696803918,750119118,25.58,100.00
8364224,2023-10-09T02:02:27,1696816947,750132147,25.50,100.00
8364224,2023-10-09T06:09:59,1696831799,750146999,25.46,100.00
8364224,2023-10-09T09:46:44,1696844804,750160004,25.45,100.00
8364224,2023-10-09T14:22:12,1696861332,750176532,25.49,100.00
8364224,2023-10-09T17:47:21,1696873641,750188841,25.55,100.00
8364224,2023-10-09T22:26:01,1696890361,750205561,25.59,100.00
8364224,2023-10-10T02:22:16,1696904536,750219736,25.50,100.00
8364224,2023-10-10T06:36:43,1696919803,750235003,25.45,100.00
8364224,2023-10-10T10:33:20,1696934000,750249200,25.48,100.00
8364224,2023-10-10T14:47:24,1696949244,750264444,25.56,100.00
8364224,2023-10-10T18:45:40,1696963540,750278740,25.60,100.00
8364224,2023-10-10T22:55:07,1696978507,750293707,25.60,100.00
8364224,2023-10-11T03:25:28,1696994728,750309928,25.51,100.00
8364224,2023-10-11T07:30:47,1697009447,750324647,25.50,100.00
8364224,2023-10-11T11:44:47,1697024687,750339887,25.50,100.00
8364224,2023-10-11T15:42:06,1697038926,750354126,25.57,100.00
8364224,2023-10-11T19:58:31,1697054311,750369511,25.58,100.00
8364224,2023-10-11T23:53:22,1697068402,750383602,25.59,100.00
8364224,2023-10-12T03:52:04,1697082724,750397924,25.48,100.00
8364224,2023-10-12T08:18:37,1697098717,750413917,25.57,100.00
8364224,2023-10-12T12:20:22,1697113222,750428422,25.51,100.00
8364224,2023-10-12T16:35:01,1697128501,750443701,25.58,100.00
8364224,2023-10-12T20:33:03,1697142783,750457983,25.61,100.00
8364224,2023-10-13T01:24:39,1697160279,750475479,25.58,100.00
8364224,2023-10-13T05:18:31,1697174311,750489511,25.48,100.00
8364224,2023-10-13T09:53:21,1697190801,750506001,25.48,100.00
8364224,2023-10-13T13:27:23,1697203643,750518843,25.51,100.00
8364224,2023-10-13T18:06:25,1697220385,750535585,25.51,100.00
8364224,2023-10-13T21:53:52,1697234032,750549232,25.54,100.00
8364224,2023-10-14T02:13:47,1697249627,750564827,25.53,100.00
8364224,2023-10-14T05:49:07,1697262547,750577747,25.52,100.00
8364224,2023-10-14T10:01:54,1697277714,750592914,25.47,100.00
8364224,2023-10-14T13:54:02,1697291642,750606842,25.47,100.00
8364224,2023-10-14T18:25:09,1697307909,750623109,25.51,100.00
8364224,2023-10-14T22:25:47,1697322347,750637547,25.58,100.00
8364224,2023-10-15T02:57:32,1697338652,750653852,25.50,100.00
8364224,2023-10-15T06:23:23,1697351003,750666203,25.46,100.00
8364224,2023-10-15T10:57:47,1697367467,750682667,25.57,100.00
8364224,2023-10-15T14:20:39,1697379639,750694839,25.59,100.00
8364224,2023-10-15T18:55:02,1697396102,750711302,25.62,100.00
8364224,2023-10-15T22:31:49,1697409109,750724309,25.61,100.00
8364224,2023-10-16T03:19:24,1697426364,750741564,25.52,100.00
8364224,2023-10-16T06:59:58,1697439598,750754798,25.60,100.00
8364224,2023-10-16T11:07:21,1697454441,750769641,25.52,100.00
8364224,2023-10-16T14:45:04,1697467504,750782704,25.53,100.00
8364224,2023-10-16T18:52:21,1697482341,750797541,25.56,100.00
8364224,2023-10-16T22:57:03,1697497023,750812223,25.57,100.00
8364224,2023-10-17T02:58:27,1697511507,750826707,25.62,100.00
8364224,2023-10-17T06:35:40,1697524540,750839740,25.59,100.00
8364224,2023-10-17T10:41:24,1697539284,750854484,25.57,100.00
8364224,2023-10-17T14:26:52,1697552812,750868012,25.62,100.00
8364224,2023-10-17T18:31:16,1697567476,750882676,25.62,100.00
8364224,2023-10-17T22:23:08,1697581388,750896588,25.66,100.00
8364224,2023-10-18T02:49:36,1697597376,750912576,25.51,100.00
8364224,2023-10-18T06:26:18,1697610378,750925578,25.51,100.00
8364224,2023-10-18T10:19:50,1697624390,750939590,25.58,100.00
8364224,2023-10-18T13:54:30,1697637270,750952470,25.57,100.00
8364224,2023-10-18T18:09:58,1697652598,750967798,25.59,100.00
8364224,2023-10-18T21:47:12,1697665632,750980832,25.63,100.00
8364224,2023-10-19T01:54:43,1697680483,750995683,25.55,100.00
8364224,2023-10-19T05:17:09,1697692629,751007829,25.53,100.00
8364224,2023-10-19T09:23:43,1697707423,751022623,25.55,100.00
8364224,2023-10-19T12:30:29,1697718629,751033829,25.48,100.00
8364224,2023-10-19T16:28:14,1697732894,751048094,25.61,100.00
8364224,2023-10-19T19:42:12,1697744532,751059732,25.56,100.00
8364224,2023-10-20T00:14:04,1697760844,751076044,25.66,100.00
8364224,2023-10-20T03:39:47,1697773187,751088387,25.54,100.00
8364224,2023-10-20T08:02:12,1697788932,751104132,25.55,100.00
8364224,2023-10-20T11:42:20,1697802140,751117340,25.54,100.00
8364224,2023-10-20T15:54:53,1697817293,751132493,25.58,100.00
8364224,2023-10-20T19:11:47,1697829107,751144307,25.62,100.00
8364224,2023-10-20T23:24:51,1697844291,751159491,25.63,100.00
8364224,2023-10-21T03:09:02,1697857742,751172942,25.57,100.00
8364224,2023-10-21T04:13:20,1697861600,751176800,25.82,100.00
8364224,2023-10-21T04:13:26,1697861606,751176806,25.83,100.00
8364224,2023-10-21T04:13:32,1697861612,751176812,25.85,100.00
8364224,2023-10-21T04:13:36,1697861616,751176816,25.85,100.00
8364224,2023-10-21T04:13:40,1697861620,751176820,25.87,100.00
8364224,2023-10-21T04:13:43,1697861623,751176823,25.87,100.00
8364224,2023-12-12T10:22:16,1702376536,755691736,26.02,100.00
8364224,2023-12-12T13:21:39,1702387299,755702499,26.00,100.00
8364224,2023-12-12T16:29:18,1702398558,755713758,26.01,100.00
8364224,2023-12-12T19:34:44,1702409684,755724884,26.00,100.00
8364224,2023-12-12T22:42:12,1702420932,755736132,25.97,100.00
8364224,2023-12-13T01:58:58,1702432738,755747938,25.92,100.00
8364224,2023-12-13T05:04:21,1702443861,755759061,25.95,100.00
8364224,2023-12-13T08:14:02,1702455242,755770442,25.95,100.00
8364224,2023-12-13T11:21:33,1702466493,755781693,25.91,100.00
8364224,2023-12-13T14:33:58,1702478038,755793238,25.97,100.00
8364224,2023-12-13T17:47:34,1702489654,755804854,25.95,100.00
8364224,2023-12-13T20:55:18,1702500918,755816118,25.96,100.00
8364224,2023-12-14T00:03:09,1702512189,755827389,25.94,100.00
8364224,2023-12-14T03:13:06,1702523586,755838786,25.92,100.00
8364224,2023-12-14T06:24:56,1702535096,755850296,25.96,100.00
8364224,2023-12-14T09:33:00,1702546380,755861580,25.92,100.00
8364224,2023-12-14T12:39:44,1702557584,755872784,25.95,100.00
8364224,2023-12-14T16:02:35,1702569755,755884955,25.96,100.00
8364224,2023-12-14T19:16:36,1702581396,755896596,25.96,100.00
8364224,2023-12-14T22:23:19,1702592599,755907799,25.97,100.00
8364224,2023-12-15T01:37:40,1702604260,755919460,25.97,100.00
8364224,2023-12-15T04:54:11,1702616051,755931251,25.94,100.00
8364224,2023-12-15T08:04:09,1702627449,755942649,25.94,100.00
8364224,2023-12-15T11:21:58,1702639318,755954518,25.94,100.00
8364224,2024-01-04T09:50:00,1704361800,757677000,25.73,100.00
8364224,2024-01-04T12:46:24,1704372384,757687584,25.67,100.00
8364224,2024-01-04T15:35:29,1704382529,757697729,25.71,100.00
8364224,2024-01-04T18:23:49,1704392629,757707829,25.73,100.00
8364224,2024-01-04T21:11:36,1704402696,757717896,25.73,100.00
8364224,2024-01-05T00:03:50,1704413030,757728230,25.73,100.00
8364224,2024-01-05T02:56:32,1704423392,757738592,25.73,100.00
8364224,2024-01-05T05:49:09,1704433749,757748949,25.76,100.00
8364224,2024-01-05T08:42:33,1704444153,757759353,25.74,100.00
8364224,2024-01-05T11:32:05,1704454325,757769525,25.76,100.00
8364224,2024-01-05T14:28:21,1704464901,757780101,25.73,100.00
8364224,2024-01-05T17:19:45,1704475185,757790385,25.73,100.00
8364224,2024-01-05T20:14:25,1704485665,757800865,25.68,100.00
8364224,2024-01-05T23:05:38,1704495938,757811138,25.67,100.00
8364224,2024-01-06T01:54:11,1704506051,757821251,25.69,100.00
8364224,2024-01-06T04:45:44,1704516344,757831544,25.72,100.00
8364224,2024-01-06T07:34:37,1704526477,757841677,25.74,100.00
8364224,2024-01-06T10:19:02,1704536342,757851542,25.73,100.00
8364224,2024-01-06T13:15:35,1704546935,757862135,25.74,100.00
8364224,2024-01-06T16:09:26,1704557366,757872566,25.70,100.00
8364224,2024-01-06T19:03:19,1704567799,757882999,25.68,100.00
8364224,2024-01-06T21:55:43,1704578143,757893343,25.66,100.00
8364224,2024-01-07T00:54:41,1704588881,757904081,25.66,100.00
8364224,2024-01-07T03:51:47,1704599507,757914707,25.71,100.00
8364224,2024-01-07T06:45:02,1704609902,757925102,25.70,100.00
8364224,2024-01-07T09:33:30,1704620010,757935210,25.72,100.00
8364224,2024-01-07T12:14:33,1704629673,757944873,25.72,100.00
8364224,2024-01-07T14:56:21,1704639381,757954581,25.72,100.00
8364224,2024-01-07T17:35:53,1704648953,757964153,25.69,100.00
8364224,2024-01-07T20:17:51,1704658671,757973871,25.67,100.00
8364224,2024-01-07T22:57:08,1704668228,757983428,25.67,100.00
8364224,2024-01-08T01:32:36,1704677556,757992756,25.68,100.00
8364224,2024-01-08T04:12:41,1704687161,758002361,25.70,100.00
8364224,2024-01-08T06:46:31,1704696391,758011591,25.69,100.00
8364224,2024-01-08T09:18:33,1704705513,758020713,25.65,100.00
8364224,2024-01-08T11:58:11,1704715091,758030291,25.70,100.00
8364224,2024-01-08T14:39:24,1704724764,758039964,25.68,100.00
8364224,2024-01-08T17:18:03,1704734283,758049483,25.64,100.00
8364224,2024-01-08T19:59:04,1704743944,758059144,25.59,100.00
8364224,2024-01-08T22:36:05,1704753365,758068565,25.54,100.00
8364224,2024-01-09T01:18:23,1704763103,758078303,25.54,100.00
8364224,2024-01-09T04:00:32,1704772832,758088032,25.64,100.00
8364224,2024-01-09T06:39:32,1704782372,758097572,25.66,100.00
8364224,2024-01-09T09:16:35,1704791795,758106995,25.64,100.00
8364224,2024-01-09T12:07:07,1704802027,758117227,25.65,100.00
8364224,2024-01-09T15:02:11,1704812531,758127731,25.63,100.00
8364224,2024-01-09T17:55:20,1704822920,758138120,25.64,100.00
8364224,2024-01-09T20:47:03,1704833223,758148423,25.62,100.00
8364224,2024-01-09T23:38:14,1704843494,758158694,25.57,100.00
8364224,2024-01-10T02:36:04,1704854164,758169364,25.61,100.00
8364224,2024-01-10T05:29:25,1704864565,758179765,25.62,100.00
8364224,2024-01-10T08:22:49,1704874969,758190169,25.64,100.00
8364224,2024-01-10T11:13:16,1704885196,758200396,25.66,100.00
8364224,2024-01-10T14:05:46,1704895546,758210746,25.67,100.00
8364224,2024-01-10T17:00:04,1704906004,758221204,25.64,100.00
8364224,2024-01-10T19:54:06,1704916446,758231646,25.58,100.00
8364224,2024-01-10T22:50:55,1704927055,758242255,25.55,100.00
8364224,2024-01-11T01:53:02,1704937982,758253182,25.57,100.00
8364224,2024-01-11T04:52:57,1704948777,758263977,25.61,100.00
8364224,2024-01-11T07:45:47,1704959147,758274347,25.63,100.00
8364224,2024-01-11T10:39:25,1704969565,758284765,25.66,100.00
8364224,2024-01-11T13:38:23,1704980303,758295503,25.65,100.00
8364224,2024-01-11T16:33:00,1704990780,758305980,25.61,100.00
8364224,2024-01-11T19:23:12,1705000992,758316192,25.55,100.00
8364224,2024-01-11T22:23:51,1705011831,758327031,25.51,100.00
8364224,2024-01-12T01:21:11,1705022471,758337671,25.52,100.00
8364224,2024-01-12T04:21:43,1705033303,758348503,25.61,100.00
8364224,2024-01-12T07:22:42,1705044162,758359362,25.63,100.00
8364224,2024-01-12T10:20:19,1705054819,758370019,25.61,100.00
8364224,2024-01-12T13:18:55,1705065535,758380735,25.64,100.00
8364224,2024-01-12T16:16:22,1705076182,758391382,25.65,100.00
8364224,2024-01-12T19:15:48,1705086948,758402148,25.59,100.00
8364224,2024-01-12T22:15:30,1705097730,758412930,25.53,100.00
8364224,2024-01-13T01:16:49,1705108609,758423809,25.51,100.00
8364224,2024-01-13T04:18:57,1705119537,758434737,25.59,100.00
8364224,2024-01-13T07:15:34,1705130134,758445334,25.62,100.00
8364224,2024-01-13T10:15:38,1705140938,758456138,25.60,100.00
8364224,2024-01-13T13:12:53,1705151573,758466773,25.61,100.00
8364224,2024-01-13T16:10:50,1705162250,758477450,25.59,100.00
8364224,2024-01-13T19:13:20,1705173200,758488400,25.49,100.00
8364224,2024-01-13T22:09:34,1705183774,758498974,25.42,100.00
8364224,2024-01-14T01:08:39,1705194519,758509719,25.39,100.00
8364224,2024-01-14T04:13:47,1705205627,758520827,25.48,100.00
8364224,2024-01-14T07:04:41,1705215881,758531081,25.54,100.00
8364224,2024-01-14T09:59:33,1705226373,758541573,25.57,100.00
8364224,2024-01-14T12:59:28,1705237168,758552368,25.53,100.00
8364224,2024-01-14T15:53:38,1705247618,758562818,25.47,100.00
8364224,2024-01-14T18:56:40,1705258600,758573800,25.36,100.00
8364224,2024-01-14T21:59:54,1705269594,758584794,25.28,100.00
8364224,2024-01-15T01:09:29,1705280969,758596169,25.26,100.00
8364224,2024-01-15T04:18:26,1705292306,758607506,25.41,100.00
8364224,2024-01-15T07:14:25,1705302865,758618065,25.45,100.00
8364224,2024-01-15T10:11:54,1705313514,758628714,25.52,100.00
8364224,2024-01-15T13:13:30,1705324410,758639610,25.48,100.00
8364224,2024-01-15T16:17:56,1705335476,758650676,25.47,100.00
8364224,2024-01-15T19:14:50,1705346090,758661290,25.47,100.00
8364224,2024-01-15T22:15:26,1705356926,758672126,25.43,100.00
8364224,2024-01-16T01:22:19,1705368139,758683339,25.45,100.00
8364224,2024-01-16T04:22:31,1705378951,758694151,25.49,100.00
8364224,2024-01-16T07:25:54,1705389954,758705154,25.53,100.00
8364224,2024-01-16T10:29:54,1705400994,758716194,25.50,100.00
8364224,2024-01-16T13:32:20,1705411940,758727140,25.48,100.00
8364224,2024-01-16T16:31:50,1705422710,758737910,25.42,100.00
8364224,2024-01-16T19:25:28,1705433128,758748328,25.38,100.00
8364224,2024-01-16T22:19:46,1705443586,758758786,25.37,100.00
8364224,2024-01-17T01:21:15,1705454475,758769675,25.38,100.00
8364224,2024-01-17T04:31:00,1705465860,758781060,25.49,100.00
8364224,2024-01-17T07:33:10,1705476790,758791990,25.53,100.00
8364224,2024-01-17T10:35:00,1705487700,758802900,25.49,100.00
8364224,2024-01-17T13:39:48,1705498788,758813988,25.49,100.00
8364224,2024-01-17T16:42:00,1705509720,758824920,25.50,100.00
8364224,2024-01-17T19:42:07,1705520527,758835727,25.46,100.00
8364224,2024-01-17T22:37:09,1705531029,758846229,25.41,100.00
8364224,2024-01-18T01:35:14,1705541714,758856914,25.44,100.00
8364224,2024-01-18T04:43:37,1705553017,758868217,25.51,100.00
8364224,2024-01-18T07:48:04,1705564084,758879284,25.51,100.00
8364224,2024-01-18T10:52:13,1705575133,758890333,25.52,100.00
8364224,2024-01-18T13:58:53,1705586333,758901533,25.52,100.00
8364224,2024-01-18T17:06:50,1705597610,758912810,25.52,100.00
8364224,2024-01-18T20:16:31,1705608991,758924191,25.45,100.00
8364224,2024-01-18T23:22:09,1705620129,758935329,25.44,100.00
8364224,2024-01-19T02:33:37,1705631617,758946817,25.46,100.00
8364224,2024-01-19T05:35:53,1705642553,758957753,25.55,100.00
8364224,2024-01-19T08:30:59,1705653059,758968259,25.53,100.00
8364224,2024-01-19T11:31:50,1705663910,758979110,25.60,100.00
8364224,2024-01-19T14:30:29,1705674629,758989829,25.51,100.00
8364224,2024-01-19T17:38:28,1705685908,759001108,25.48,100.00
8364224,2024-01-19T20:42:03,1705696923,759012123,25.42,100.00
8364224,2024-01-19T23:45:27,1705707927,759023127,25.37,100.00
8364224,2024-01-20T03:02:42,1705719762,759034962,25.50,100.00
8364224,2024-01-20T06:11:09,1705731069,759046269,25.50,100.00
8364224,2024-01-20T09:15:49,1705742149,759057349,25.50,100.00
8364224,2024-01-20T12:27:56,1705753676,759068876,25.49,100.00
8364224,2024-01-20T15:37:19,1705765039,759080239,25.50,100.00
8364224,2024-01-20T18:48:05,1705776485,759091685,25.44,100.00
8364224,2024-01-20T21:58:16,1705787896,759103096,25.42,100.00
8364224,2024-01-21T01:08:32,1705799312,759114512,25.43,100.00
8364224,2024-01-21T04:14:30,1705810470,759125670,25.47,100.00
8364224,2024-01-21T07:19:03,1705821543,759136743,25.51,100.00
