11821380,2024-01-04T11:17:25,1704367045,757682245,-666.00,-666.00
11821380,2024-01-04T17:37:12,1704389832,757705032,25.35,100.00
11821380,2024-01-05T00:52:31,1704415951,757731151,-666.00,-666.00
11821380,2024-01-05T06:42:09,1704436929,757752129,-666.00,-666.00
11821380,2024-01-05T13:16:36,1704460596,757775796,-666.00,-666.00
11821380,2024-01-05T19:18:31,1704482311,757797511,-666.00,-666.00
11821380,2024-01-06T02:59:59,1704509999,757825199,-666.00,-666.00
11821380,2024-01-06T09:06:01,1704531961,757847161,25.33,100.00
11821380,2024-01-06T16:30:35,1704558635,757873835,25.35,100.00
11821380,2024-01-06T22:27:24,1704580044,757895244,25.36,100.00
11821380,2024-01-07T05:59:39,1704607179,757922379,25.31,100.00
11821380,2024-01-07T12:06:56,1704629216,757944416,25.31,100.00
11821380,2024-01-07T19:01:06,1704654066,757969266,25.37,100.00
11821380,2024-01-08T01:35:50,1704677750,757992950,25.36,100.00
11821380,2024-01-08T07:53:37,1704700417,758015617,25.31,100.00
11821380,2024-01-08T14:08:00,1704722880,758038080,25.32,100.00
11821380,2024-01-08T21:32:06,1704749526,758064726,25.33,100.00
11821380,2024-01-09T02:45:33,1704768333,758083533,25.30,100.00
11821380,2024-01-09T09:21:00,1704792060,758107260,25.30,100.00
11821380,2024-01-09T15:29:13,1704814153,758129353,25.31,100.00
11821380,2024-01-09T22:21:19,1704838879,758154079,25.35,100.00
11821380,2024-01-10T04:13:48,1704860028,758175228,-666.00,-666.00
11821380,2024-01-10T10:15:02,1704881702,758196902,-666.00,-666.00
11821380,2024-01-10T16:15:47,1704903347,758218547,-666.00,-666.00
11821380,2024-01-10T23:28:50,1704929330,758244530,-666.00,-666.00
11821380,2024-01-11T05:18:04,1704950284,758265484,-666.00,-666.00
11821380,2024-01-11T11:48:32,1704973712,758288912,-666.00,-666.00
11821380,2024-01-11T17:12:45,1704993165,758308365,-666.00,-666.00
11821380,2024-01-11T23:50:27,1705017027,758332227,-666.00,-666.00
11821380,2024-01-12T05:45:23,1705038323,758353523,-666.00,-666.00
11821380,2024-01-12T12:28:35,1705062515,758377715,-666.00,-666.00
11821380,2024-01-12T18:37:57,1705084677,758399877,-666.00,-666.00
11821380,2024-01-13T01:51:10,1705110670,758425870,-666.00,-666.00
11821380,2024-01-13T07:33:53,1705131233,758446433,-666.00,-666.00
11821380,2024-01-13T14:27:35,1705156055,758471255,-666.00,-666.00
11821380,2024-01-13T21:27:54,1705181274,758496474,-666.00,-666.00
11821380,2024-01-14T04:01:57,1705204917,758520117,-666.00,-666.00
11821380,2024-01-14T10:51:43,1705229503,758544703,-666.00,-666.00
11821380,2024-01-14T17:45:58,1705254358,758569558,-666.00,-666.00
11821380,2024-01-15T00:01:40,1705276900,758592100,-666.00,-666.00
11821380,2024-01-15T07:04:45,1705302285,758617485,-666.00,-666.00
11821380,2024-01-15T13:17:21,1705324641,758639841,-666.00,-666.00
11821380,2024-01-15T20:25:01,1705350301,758665501,-666.00,-666.00
11821380,2024-01-16T02:10:27,1705371027,758686227,-666.00,-666.00
11821380,2024-01-16T09:13:26,1705396406,758711606,-666.00,-666.00
11821380,2024-01-16T15:10:57,1705417857,758733057,-666.00,-666.00
11821380,2024-01-16T21:30:26,1705440626,758755826,-666.00,-666.00
11821380,2024-01-17T03:12:56,1705461176,758776376,-666.00,-666.00
11821380,2024-01-17T10:18:20,1705486700,758801900,-666.00,-666.00
11821380,2024-01-17T15:21:39,1705504899,758820099,-666.00,-666.00
11821380,2024-01-17T22:13:48,1705529628,758844828,-666.00,-666.00
11821380,2024-01-18T03:36:16,1705548976,758864176,-666.00,-666.00
11821380,2024-01-18T10:45:00,1705574700,758889900,-666.00,-666.00
11821380,2024-01-18T16:44:09,1705596249,758911449,-666.00,-666.00
11821380,2024-01-19T00:28:57,1705624137,758939337,-666.00,-666.00
11821380,2024-01-19T06:18:27,1705645107,758960307,-666.00,-666.00
11821380,2024-01-19T12:41:40,1705668100,758983300,-666.00,-666.00
11821380,2024-01-19T18:07:34,1705687654,759002854,-666.00,-666.00
11821380,2024-01-20T00:46:47,1705711607,759026807,-666.00,-666.00
11821380,2024-01-20T06:18:41,1705731521,759046721,-666.00,-666.00
11821380,2024-01-20T13:25:27,1705757127,759072327,-666.00,-666.00
11821380,2024-01-20T19:04:17,1705777457,759092657,-666.00,-666.00
11821380,2024-01-21T01:36:13,1705800973,759116173,-666.00,-666.00
11821380,2024-01-21T06:49:24,1705819764,759134964,-666.00,-666.00
11821380,2024-02-06T09:18:50,1707211130,760526330,25.36,100.00
11821380,2024-02-06T12:52:48,1707223968,760539168,25.35,100.00
11821380,2024-02-06T16:24:41,1707236681,760551881,25.32,100.00
11821380,2024-02-06T19:59:21,1707249561,760564761,25.25,100.00
11821380,2024-02-06T23:32:04,1707262324,760577524,25.23,100.00
11821380,2024-02-07T03:14:38,1707275678,760590878,25.28,100.00
11821380,2024-02-07T06:40:40,1707288040,760603240,25.26,100.00
11821380,2024-02-07T10:12:30,1707300750,760615950,25.33,100.00
11821380,2024-02-07T13:53:52,1707314032,760629232,25.35,100.00
11821380,2024-02-07T17:27:48,1707326868,760642068,25.31,100.00
11821380,2024-02-07T21:05:34,1707339934,760655134,25.28,100.00
11821380,2024-02-08T00:42:30,1707352950,760668150,25.28,100.00
11821380,2024-02-08T04:30:39,1707366639,760681839,25.33,100.00
11821380,2024-02-08T07:59:56,1707379196,760694396,25.36,100.00
11821380,2024-02-08T11:36:07,1707392167,760707367,25.39,100.00
11821380,2024-02-08T15:18:12,1707405492,760720692,25.32,100.00
11821380,2024-02-08T18:52:44,1707418364,760733564,25.30,100.00
11821380,2024-02-08T22:33:05,1707431585,760746785,25.29,100.00
11821380,2024-02-09T02:09:02,1707444542,760759742,25.31,100.00
11821380,2024-02-09T05:45:39,1707457539,760772739,25.33,100.00
11821380,2024-02-09T09:20:55,1707470455,760785655,25.37,100.00
11821380,2024-02-09T12:51:42,1707483102,760798302,25.33,100.00
11821380,2024-02-09T16:32:07,1707496327,760811527,25.34,100.00
11821380,2024-02-09T20:06:09,1707509169,760824369,25.29,100.00
11821380,2024-02-09T23:51:39,1707522699,760837899,25.19,100.00
11821380,2024-02-10T03:37:55,1707536275,760851475,25.30,100.00
11821380,2024-02-10T07:24:06,1707549846,760865046,25.32,100.00
11821380,2024-02-10T11:08:25,1707563305,760878505,25.35,100.00
11821380,2024-02-10T14:53:29,1707576809,760892009,25.36,100.00
11821380,2024-02-10T18:41:59,1707590519,760905719,25.32,100.00
11821380,2024-02-10T22:27:43,1707604063,760919263,25.32,100.00
11821380,2024-02-11T02:08:38,1707617318,760932518,25.32,100.00
11821380,2024-02-11T05:55:57,1707630957,760946157,25.32,100.00
11821380,2024-02-11T09:40:41,1707644441,760959641,25.35,100.00
11821380,2024-02-11T13:26:21,1707657981,760973181,25.33,100.00
11821380,2024-02-11T17:13:38,1707671618,760986818,25.21,100.00
11821380,2024-02-11T20:59:29,1707685169,761000369,25.13,100.00
11821380,2024-02-12T00:48:24,1707698904,761014104,25.05,100.00
11821380,2024-02-12T04:37:08,1707712628,761027828,25.22,100.00
11821380,2024-02-12T08:19:01,1707725941,761041141,25.25,100.00
11821380,2024-02-12T12:02:28,1707739348,761054548,25.20,100.00
11821380,2024-02-12T15:56:57,1707753417,761068617,25.21,100.00
11821380,2024-02-12T19:43:38,1707767018,761082218,25.16,100.00
11821380,2024-02-12T23:38:15,1707781095,761096295,25.07,100.00
11821380,2024-02-13T03:26:44,1707794804,761110004,25.18,100.00
11821380,2024-02-13T07:11:25,1707808285,761123485,25.22,100.00
11821380,2024-02-13T10:50:51,1707821451,761136651,25.24,100.00
11821380,2024-02-13T14:39:23,1707835163,761150363,25.26,100.00
11821380,2024-02-13T18:27:07,1707848827,761164027,25.20,100.00
11821380,2024-02-13T22:13:23,1707862403,761177603,25.13,100.00
11821380,2024-02-14T02:06:06,1707876366,761191566,25.13,100.00
11821380,2024-02-14T05:56:27,1707890187,761205387,25.17,100.00
11821380,2024-02-14T09:40:35,1707903635,761218835,25.28,100.00
11821380,2024-02-14T13:28:47,1707917327,761232527,25.26,100.00
11821380,2024-02-14T17:19:23,1707931163,761246363,25.22,100.00
11821380,2024-02-14T21:09:01,1707944941,761260141,25.20,100.00
11821380,2024-02-15T01:03:38,1707959018,761274218,25.16,100.00
11821380,2024-02-15T04:53:02,1707972782,761287982,25.28,100.00
11821380,2024-02-15T08:42:07,1707986527,761301727,25.29,100.00
11821380,2024-02-15T12:41:33,1708000893,761316093,25.25,100.00
11821380,2024-02-15T16:44:48,1708015488,761330688,25.26,100.00
11821380,2024-02-15T20:41:04,1708029664,761344864,25.14,100.00
11821380,2024-02-16T00:40:57,1708044057,761359257,25.10,100.00
11821380,2024-02-16T04:41:10,1708058470,761373670,25.22,100.00
11821380,2024-02-16T08:38:23,1708072703,761387903,25.25,100.00
11821380,2024-02-16T12:41:34,1708087294,761402494,25.21,100.00
11821380,2024-02-16T16:44:59,1708101899,761417099,25.23,100.00
11821380,2024-02-16T20:42:13,1708116133,761431333,25.11,100.00
11821380,2024-02-17T00:44:49,1708130689,761445889,25.01,100.00
11821380,2024-02-17T04:47:00,1708145220,761460420,25.15,100.00
11821380,2024-02-17T08:49:29,1708159769,761474969,25.16,100.00
11821380,2024-02-17T12:48:13,1708174093,761489293,25.18,100.00
11821380,2024-02-17T16:55:53,1708188953,761504153,25.13,100.00
11821380,2024-02-17T20:59:09,1708203549,761518749,25.02,100.00
11821380,2024-02-18T01:05:24,1708218324,761533524,24.91,100.00
11821380,2024-02-18T05:17:55,1708233475,761548675,25.13,100.00
11821380,2024-02-18T09:18:58,1708247938,761563138,25.14,100.00
11821380,2024-02-18T13:23:50,1708262630,761577830,25.17,100.00
11821380,2024-02-18T17:34:40,1708277680,761592880,25.17,100.00
11821380,2024-02-18T21:37:55,1708292275,761607475,25.12,100.00
11821380,2024-02-19T01:45:56,1708307156,761622356,25.11,100.00
11821380,2024-02-19T05:53:51,1708322031,761637231,25.19,100.00
11821380,2024-02-19T10:02:19,1708336939,761652139,-666.00,-666.00
11821380,2024-02-19T14:19:55,1708352395,761667595,25.27,100.00
11821380,2024-02-19T18:26:03,1708367163,761682363,25.20,100.00
11821380,2024-02-19T22:30:58,1708381858,761697058,25.20,100.00
11821380,2024-02-20T02:43:14,1708396994,761712194,25.24,100.00
11821380,2024-02-20T06:51:36,1708411896,761727096,25.25,100.00
11821380,2024-02-20T10:55:29,1708426529,761741729,25.29,100.00
11821380,2024-02-20T15:04:46,1708441486,761756686,25.31,100.00
11821380,2024-02-20T19:15:35,1708456535,761771735,25.26,100.00
11821380,2024-02-20T23:15:19,1708470919,761786119,25.27,100.00
11821380,2024-02-21T03:29:03,1708486143,761801343,25.29,100.00
11821380,2024-02-21T07:36:36,1708500996,761816196,25.31,100.00
11821380,2024-02-21T11:51:37,1708516297,761831497,25.33,100.00
11821380,2024-02-21T16:04:10,1708531450,761846650,25.32,100.00
11821380,2024-02-21T20:20:52,1708546852,761862052,25.27,100.00
11821380,2024-02-22T00:33:23,1708562003,761877203,25.23,100.00
11821380,2024-02-22T04:50:32,1708577432,761892632,25.33,100.00
