7598252,2022-12-29T18:35:55,1672338955,725654155
7598252,2022-12-29T22:56:31,1672354591,725669791
7598252,2022-12-30T03:21:15,1672370475,725685675
7598252,2022-12-30T07:46:29,1672386389,725701589
7598252,2022-12-30T12:18:53,1672402733,725717933
7598252,2022-12-30T16:55:30,1672419330,725734530
7598252,2022-12-30T21:19:47,1672435187,725750387
7598252,2022-12-31T01:48:42,1672451322,725766522
7598252,2022-12-31T06:15:50,1672467350,725782550
7598252,2022-12-31T10:39:02,1672483142,725798342
7598252,2022-12-31T15:15:53,1672499753,725814953
7598252,2022-12-31T19:40:56,1672515656,725830856
7598252,2023-01-01T00:12:06,1672531926,725847126
7598252,2023-01-01T04:42:23,1672548143,725863343
7598252,2023-01-01T09:11:35,1672564295,725879495
7598252,2023-01-01T13:45:10,1672580710,725895910
7598252,2023-01-01T18:17:02,1672597022,725912222
7598252,2023-01-01T22:47:18,1672613238,725928438
7598252,2023-01-02T03:17:12,1672629432,725944632
7598252,2023-01-02T07:47:26,1672645646,725960846
7598252,2023-01-02T12:11:02,1672661462,725976662
7598252,2023-01-02T16:49:01,1672678141,725993341
