1641660,2022-12-21T12:10:23,1671624623,724939823
1641660,2022-12-21T12:29:12,1671625752,724940952
1641660,2022-12-21T12:53:14,1671627194,724942394
1641660,2022-12-21T12:53:25,1671627205,724942405
1641660,2022-12-21T12:58:01,1671627481,724942681
1641660,2022-12-21T12:59:35,1671627575,724942775
1641660,2022-12-21T12:59:35,1671627575,724942775
1641660,2022-12-21T13:01:13,1671627673,724942873
1641660,2022-12-21T13:01:13,1671627673,724942873
1641660,2022-12-21T13:01:20,1671627680,724942880
1641660,2022-12-21T13:01:21,1671627681,724942881
1641660,2022-12-21T16:34:46,1671640486,724955686
1641660,2022-12-21T16:34:52,1671640492,724955692
1641660,2022-12-21T16:34:53,1671640493,724955693
1641660,2022-12-21T16:34:54,1671640494,724955694
1641660,2022-12-21T16:34:54,1671640494,724955694
1641660,2022-12-21T16:34:55,1671640495,724955695
1641660,2022-12-21T16:35:01,1671640501,724955701
1641660,2022-12-21T16:35:02,1671640502,724955702
1641660,2022-12-21T18:01:52,1671645712,724960912
1641660,2022-12-21T18:02:01,1671645721,724960921
1641660,2022-12-29T15:55:59,1672329359,725644559
1641660,2022-12-29T15:56:20,1672329380,725644580
1641660,2022-12-29T15:56:22,1672329382,725644582
1641660,2022-12-29T15:56:23,1672329383,725644583
1641660,2022-12-29T15:56:37,1672329397,725644597
1641660,2022-12-29T15:56:37,1672329397,725644597
1641660,2022-12-29T15:56:38,1672329398,725644598
1641660,2022-12-29T15:56:41,1672329401,725644601
1641660,2022-12-29T16:12:16,1672330336,725645536
1641660,2022-12-29T16:12:18,1672330338,725645538
1641660,2022-12-29T16:12:19,1672330339,725645539
1641660,2022-12-29T16:12:22,1672330342,725645542
1641660,2022-12-29T16:18:33,1672330713,725645913
1641660,2022-12-29T16:18:56,1672330736,725645936
1641660,2022-12-29T16:19:03,1672330743,725645943
1641660,2022-12-29T16:19:37,1672330777,725645977
1641660,2022-12-29T16:19:38,1672330778,725645978
1641660,2022-12-29T16:19:41,1672330781,725645981
1641660,2022-12-29T16:19:49,1672330789,725645989
1641660,2022-12-29T16:19:55,1672330795,725645995
1641660,2022-12-29T16:20:03,1672330803,725646003
1641660,2022-12-29T16:20:09,1672330809,725646009
1641660,2022-12-29T16:22:38,1672330958,725646158
1641660,2022-12-29T16:22:41,1672330961,725646161
1641660,2022-12-29T16:23:09,1672330989,725646189
1641660,2022-12-29T16:23:09,1672330989,725646189
1641660,2022-12-29T16:23:10,1672330990,725646190
1641660,2022-12-29T16:23:20,1672331000,725646200
1641660,2022-12-29T16:23:23,1672331003,725646203
1641660,2022-12-29T16:23:30,1672331010,725646210
1641660,2022-12-29T16:23:31,1672331011,725646211
1641660,2022-12-29T16:23:39,1672331019,725646219
1641660,2022-12-29T16:23:40,1672331020,725646220
1641660,2022-12-29T16:23:46,1672331026,725646226
1641660,2022-12-29T16:23:52,1672331032,725646232
1641660,2022-12-29T16:23:57,1672331037,725646237
1641660,2022-12-29T16:24:03,1672331043,725646243
1641660,2022-12-29T16:24:11,1672331051,725646251
1641660,2022-12-29T16:24:11,1672331051,725646251
1641660,2022-12-29T16:24:12,1672331052,725646252
1641660,2022-12-29T16:24:52,1672331092,725646292
1641660,2022-12-29T16:25:26,1672331126,725646326
1641660,2022-12-29T16:29:00,1672331340,725646540
1641660,2022-12-29T16:29:12,1672331352,725646552
1641660,2022-12-29T16:29:42,1672331382,725646582
1641660,2022-12-29T16:29:43,1672331383,725646583
1641660,2022-12-29T16:29:44,1672331384,725646584
1641660,2022-12-29T16:29:45,1672331385,725646585
1641660,2022-12-29T16:29:48,1672331388,725646588
1641660,2022-12-29T16:30:31,1672331431,725646631
1641660,2022-12-29T16:30:38,1672331438,725646638
1641660,2022-12-29T16:30:39,1672331439,725646639
1641660,2022-12-29T16:30:40,1672331440,725646640
1641660,2022-12-29T16:31:51,1672331511,725646711
1641660,2022-12-29T16:31:54,1672331514,725646714
1641660,2022-12-29T16:32:01,1672331521,725646721
1641660,2022-12-29T16:32:10,1672331530,725646730
1641660,2022-12-29T16:32:11,1672331531,725646731
1641660,2022-12-29T16:32:12,1672331532,725646732
1641660,2022-12-29T16:32:15,1672331535,725646735
1641660,2022-12-29T16:32:15,1672331535,725646735
1641660,2022-12-29T16:32:16,1672331536,725646736
1641660,2022-12-29T16:32:18,1672331538,725646738
1641660,2022-12-29T16:32:19,1672331539,725646739
1641660,2022-12-29T16:32:28,1672331548,725646748
1641660,2022-12-29T16:32:30,1672331550,725646750
1641660,2022-12-29T16:32:31,1672331551,725646751
1641660,2022-12-29T16:32:55,1672331575,725646775
1641660,2022-12-29T16:32:56,1672331576,725646776
1641660,2022-12-29T16:32:57,1672331577,725646777
1641660,2022-12-29T16:32:58,1672331578,725646778
1641660,2022-12-29T16:32:59,1672331579,725646779
1641660,2022-12-29T16:33:21,1672331601,725646801
1641660,2022-12-29T16:33:21,1672331601,725646801
1641660,2022-12-29T16:33:23,1672331603,725646803
1641660,2022-12-29T16:33:38,1672331618,725646818
1641660,2022-12-29T16:33:39,1672331619,725646819
1641660,2022-12-29T16:33:40,1672331620,725646820
1641660,2022-12-29T16:33:41,1672331621,725646821
1641660,2022-12-29T16:33:42,1672331622,725646822
1641660,2022-12-29T16:34:53,1672331693,725646893
1641660,2022-12-29T16:34:54,1672331694,725646894
1641660,2022-12-29T16:34:55,1672331695,725646895
1641660,2022-12-29T16:34:58,1672331698,725646898
1641660,2022-12-29T16:36:26,1672331786,725646986
1641660,2022-12-29T16:36:34,1672331794,725646994
1641660,2022-12-29T16:36:35,1672331795,725646995
1641660,2022-12-29T16:36:41,1672331801,725647001
1641660,2022-12-29T16:36:42,1672331802,725647002
1641660,2022-12-29T16:36:45,1672331805,725647005
1641660,2022-12-29T16:36:45,1672331805,725647005
1641660,2022-12-29T16:36:46,1672331806,725647006
1641660,2022-12-29T16:36:50,1672331810,725647010
1641660,2022-12-29T16:36:51,1672331811,725647011
1641660,2022-12-29T16:37:00,1672331820,725647020
1641660,2022-12-29T16:37:01,1672331821,725647021
1641660,2022-12-29T16:37:02,1672331822,725647022
1641660,2022-12-29T16:37:04,1672331824,725647024
1641660,2022-12-29T16:37:05,1672331825,725647025
1641660,2022-12-29T16:37:07,1672331827,725647027
1641660,2022-12-29T16:37:07,1672331827,725647027
1641660,2022-12-29T16:37:08,1672331828,725647028
1641660,2022-12-29T16:37:10,1672331830,725647030
1641660,2022-12-29T16:37:12,1672331832,725647032
1641660,2022-12-29T16:37:12,1672331832,725647032
1641660,2022-12-29T16:37:14,1672331834,725647034
1641660,2022-12-29T16:38:47,1672331927,725647127
1641660,2022-12-29T16:39:06,1672331946,725647146
1641660,2022-12-29T16:39:06,1672331946,725647146
1641660,2022-12-29T16:39:12,1672331952,725647152
1641660,2022-12-29T16:39:42,1672331982,725647182
1641660,2022-12-29T16:39:43,1672331983,725647183
1641660,2022-12-29T16:39:50,1672331990,725647190
1641660,2022-12-29T16:39:54,1672331994,725647194
1641660,2022-12-29T16:39:56,1672331996,725647196
1641660,2022-12-29T16:42:09,1672332129,725647329
1641660,2022-12-29T16:42:13,1672332133,725647333
1641660,2022-12-29T16:42:23,1672332143,725647343
1641660,2022-12-29T16:42:43,1672332163,725647363
1641660,2022-12-29T16:42:44,1672332164,725647364
1641660,2022-12-29T16:43:11,1672332191,725647391
1641660,2022-12-29T16:43:29,1672332209,725647409
1641660,2022-12-29T16:43:30,1672332210,725647410
1641660,2022-12-29T16:43:38,1672332218,725647418
1641660,2022-12-29T16:43:42,1672332222,725647422
1641660,2022-12-29T16:43:43,1672332223,725647423
1641660,2022-12-29T16:43:45,1672332225,725647425
1641660,2022-12-29T16:44:14,1672332254,725647454
1641660,2022-12-29T16:44:28,1672332268,725647468
1641660,2022-12-29T16:44:35,1672332275,725647475
1641660,2022-12-29T16:44:40,1672332280,725647480
1641660,2022-12-29T16:44:50,1672332290,725647490
1641660,2022-12-29T16:44:52,1672332292,725647492
1641660,2022-12-29T16:44:56,1672332296,725647496
1641660,2022-12-29T16:44:59,1672332299,725647499
1641660,2022-12-29T16:45:04,1672332304,725647504
1641660,2022-12-29T16:45:10,1672332310,725647510
1641660,2022-12-29T16:45:11,1672332311,725647511
1641660,2022-12-29T16:45:14,1672332314,725647514
1641660,2022-12-29T16:45:16,1672332316,725647516
1641660,2022-12-29T16:45:17,1672332317,725647517
1641660,2022-12-29T16:45:23,1672332323,725647523
1641660,2022-12-29T16:45:26,1672332326,725647526
1641660,2022-12-29T16:45:26,1672332326,725647526
1641660,2022-12-29T16:45:30,1672332330,725647530
1641660,2022-12-29T16:45:35,1672332335,725647535
1641660,2022-12-29T16:46:03,1672332363,725647563
1641660,2022-12-29T16:46:05,1672332365,725647565
1641660,2022-12-29T16:46:08,1672332368,725647568
1641660,2022-12-29T16:46:14,1672332374,725647574
1641660,2022-12-29T16:46:17,1672332377,725647577
1641660,2022-12-29T16:46:39,1672332399,725647599
1641660,2022-12-29T16:46:39,1672332399,725647599
1641660,2022-12-29T16:46:41,1672332401,725647601
1641660,2022-12-29T16:47:40,1672332460,725647660
1641660,2022-12-29T16:47:42,1672332462,725647662
1641660,2022-12-29T16:47:46,1672332466,725647666
1641660,2022-12-29T16:47:47,1672332467,725647667
1641660,2022-12-29T16:47:52,1672332472,725647672
1641660,2022-12-29T16:47:53,1672332473,725647673
1641660,2022-12-29T16:48:00,1672332480,725647680
1641660,2022-12-29T16:48:05,1672332485,725647685
1641660,2022-12-29T16:48:12,1672332492,725647692
1641660,2022-12-29T16:48:18,1672332498,725647698
1641660,2022-12-29T16:48:21,1672332501,725647701
1641660,2022-12-29T16:48:22,1672332502,725647702
1641660,2022-12-29T16:48:38,1672332518,725647718
1641660,2022-12-29T16:48:39,1672332519,725647719
1641660,2022-12-29T16:48:41,1672332521,725647721
1641660,2022-12-29T16:48:43,1672332523,725647723
1641660,2022-12-29T16:48:50,1672332530,725647730
1641660,2022-12-30T08:21:31,1672388491,725703691
1641660,2023-01-04T15:47:10,1672847230,726162430
1641660,2023-01-04T15:47:16,1672847236,726162436
1641660,2023-01-06T14:46:56,1673016416,726331616
1641660,2023-01-06T14:47:40,1673016460,726331660
1641660,2023-01-06T14:47:54,1673016474,726331674
1641660,2023-01-06T14:48:11,1673016491,726331691
1641660,2023-01-06T14:48:26,1673016506,726331706
1641660,2023-01-06T14:48:49,1673016529,726331729
1641660,2023-01-06T14:49:04,1673016544,726331744
1641660,2023-01-06T14:49:26,1673016566,726331766
1641660,2023-01-06T14:49:37,1673016577,726331777
1641660,2023-01-06T14:49:50,1673016590,726331790
1641660,2023-01-06T14:49:57,1673016597,726331797
1641660,2023-01-06T14:50:11,1673016611,726331811
1641660,2023-01-06T14:50:22,1673016622,726331822
1641660,2023-01-06T14:50:32,1673016632,726331832
1641660,2023-01-06T14:50:41,1673016641,726331841
1641660,2023-01-06T14:50:54,1673016654,726331854
1641660,2023-01-06T14:51:02,1673016662,726331862
1641660,2023-01-06T14:51:20,1673016680,726331880
1641660,2023-01-06T14:51:54,1673016714,726331914
1641660,2023-01-06T14:52:09,1673016729,726331929
1641660,2023-01-06T14:52:19,1673016739,726331939
1641660,2023-01-06T14:52:35,1673016755,726331955
1641660,2023-01-06T14:52:50,1673016770,726331970
1641660,2023-01-06T14:53:23,1673016803,726332003
1641660,2023-01-06T14:54:17,1673016857,726332057
1641660,2023-01-06T14:57:57,1673017077,726332277
1641660,2023-01-09T14:15:12,1673273712,726588912
1641660,2023-04-05T16:43:03,1680712983,734028183
1641660,2023-04-05T16:46:21,1680713181,734028381
1641660,2023-04-05T16:50:04,1680713404,734028604
1641660,2023-04-05T16:53:33,1680713613,734028813
1641660,2023-04-05T16:54:52,1680713692,734028892
1641660,2023-04-05T16:55:13,1680713713,734028913
1641660,2023-04-05T16:55:35,1680713735,734028935
1641660,2023-04-05T16:55:54,1680713754,734028954
1641660,2023-04-05T16:56:20,1680713780,734028980
1641660,2023-04-05T16:56:32,1680713792,734028992
1641660,2023-04-05T16:56:53,1680713813,734029013
1641660,2023-04-05T16:57:06,1680713826,734029026
1641660,2023-04-05T16:57:26,1680713846,734029046
1641660,2023-04-05T16:57:35,1680713855,734029055
1641660,2023-04-05T16:57:55,1680713875,734029075
1641660,2023-04-05T16:58:08,1680713888,734029088
1641660,2023-04-05T16:58:25,1680713905,734029105
1641660,2023-04-05T16:58:37,1680713917,734029117
1641660,2023-04-05T16:58:55,1680713935,734029135
1641660,2023-04-05T16:59:07,1680713947,734029147
1641660,2023-04-05T16:59:30,1680713970,734029170
1641660,2023-04-05T16:59:48,1680713988,734029188
1641660,2023-04-05T17:00:14,1680714014,734029214
1641660,2023-04-05T17:00:40,1680714040,734029240
1641660,2023-04-05T17:01:49,1680714109,734029309
1641660,2023-04-05T17:02:54,1680714174,734029374
1641660,2023-04-05T17:04:35,1680714275,734029475
1641660,2023-04-05T17:06:28,1680714388,734029588
1641660,2023-04-05T17:14:13,1680714853,734030053
1641660,2023-04-05T23:23:51,1680737031,734052231
1641660,2023-04-06T07:28:51,1680766131,734081331
1641660,2023-04-07T19:54:05,1680897245,734212445
1641660,2023-04-07T20:02:43,1680897763,734212963
1641660,2023-04-07T20:03:04,1680897784,734212984
1641660,2023-04-07T20:03:29,1680897809,734213009
1641660,2023-04-07T20:03:39,1680897819,734213019
1641660,2023-04-07T20:03:57,1680897837,734213037
1641660,2023-04-07T20:04:10,1680897850,734213050
1641660,2023-04-07T20:04:26,1680897866,734213066
1641660,2023-04-07T20:04:37,1680897877,734213077
1641660,2023-04-07T20:04:52,1680897892,734213092
1641660,2023-04-07T20:05:03,1680897903,734213103
1641660,2023-04-07T20:05:18,1680897918,734213118
1641660,2023-04-07T20:05:30,1680897930,734213130
1641660,2023-04-07T20:05:46,1680897946,734213146
1641660,2023-04-07T20:06:00,1680897960,734213160
1641660,2023-04-07T20:06:24,1680897984,734213184
1641660,2023-04-07T20:06:43,1680898003,734213203
1641660,2023-04-07T20:07:11,1680898031,734213231
1641660,2023-04-07T20:07:28,1680898048,734213248
1641660,2023-04-07T20:07:54,1680898074,734213274
1641660,2023-04-07T20:08:19,1680898099,734213299
1641660,2023-04-07T20:09:17,1680898157,734213357
1641660,2023-04-07T20:09:55,1680898195,734213395
1641660,2023-04-07T20:11:13,1680898273,734213473
1641660,2023-04-07T20:12:43,1680898363,734213563
1641660,2023-04-07T20:13:38,1680898418,734213618
1641660,2023-04-07T20:14:00,1680898440,734213640
1641660,2023-04-07T20:14:24,1680898464,734213664
1641660,2023-04-07T20:14:34,1680898474,734213674
1641660,2023-04-07T20:14:49,1680898489,734213689
1641660,2023-04-07T20:14:56,1680898496,734213696
1641660,2023-04-07T20:15:05,1680898505,734213705
1641660,2023-04-07T20:15:14,1680898514,734213714
1641660,2023-04-07T20:15:23,1680898523,734213723
1641660,2023-04-07T20:15:28,1680898528,734213728
1641660,2023-04-07T20:15:35,1680898535,734213735
1641660,2023-04-07T20:15:38,1680898538,734213738
1641660,2023-04-07T20:15:44,1680898544,734213744
1641660,2023-04-07T20:15:49,1680898549,734213749
1641660,2023-04-07T20:15:56,1680898556,734213756
1641660,2023-04-07T20:16:00,1680898560,734213760
1641660,2023-04-07T20:16:08,1680898568,734213768
1641660,2023-04-07T20:16:13,1680898573,734213773
1641660,2023-04-07T20:16:21,1680898581,734213781
1641660,2023-04-07T20:16:28,1680898588,734213788
1641660,2023-04-07T20:16:35,1680898595,734213795
1641660,2023-04-07T20:16:41,1680898601,734213801
1641660,2023-04-07T20:16:48,1680898608,734213808
1641660,2023-04-07T20:16:54,1680898614,734213814
1641660,2023-04-07T20:17:04,1680898624,734213824
1641660,2023-04-07T20:17:09,1680898629,734213829
1641660,2023-04-07T20:17:16,1680898636,734213836
1641660,2023-04-07T20:17:20,1680898640,734213840
1641660,2023-04-07T20:17:27,1680898647,734213847
1641660,2023-04-07T20:17:32,1680898652,734213852
1641660,2023-04-07T20:17:44,1680898664,734213864
1641660,2023-04-07T20:17:57,1680898677,734213877
1641660,2023-04-07T20:18:12,1680898692,734213892
1641660,2023-04-07T20:18:18,1680898698,734213898
1641660,2023-04-07T20:18:26,1680898706,734213906
1641660,2023-04-07T20:18:33,1680898713,734213913
1641660,2023-04-07T20:18:45,1680898725,734213925
1641660,2023-04-07T20:18:53,1680898733,734213933
1641660,2023-04-07T20:19:23,1680898763,734213963
1641660,2023-04-07T20:20:20,1680898820,734214020
1641660,2023-04-07T23:43:13,1680910993,734226193
1641660,2023-04-08T04:31:11,1680928271,734243471
1641660,2023-04-11T20:59:04,1681246744,734561944
1641660,2023-04-11T21:00:38,1681246838,734562038
1641660,2023-04-12T11:49:38,1681300178,734615378
1641660,2023-04-25T20:16:42,1682453802,735769002
1641660,2023-04-25T20:20:26,1682454026,735769226
1641660,2023-04-25T20:21:40,1682454100,735769300
1641660,2023-04-25T20:25:28,1682454328,735769528
1641660,2023-04-25T20:26:23,1682454383,735769583
1641660,2023-04-25T20:28:04,1682454484,735769684
1641660,2023-04-25T20:29:00,1682454540,735769740
1641660,2023-04-25T20:29:37,1682454577,735769777
1641660,2023-04-25T20:30:03,1682454603,735769803
1641660,2023-04-25T20:30:32,1682454632,735769832
1641660,2023-04-25T20:30:57,1682454657,735769857
1641660,2023-04-25T20:31:40,1682454700,735769900
1641660,2023-04-25T20:32:09,1682454729,735769929
1641660,2023-04-25T20:33:10,1682454790,735769990
1641660,2023-04-25T20:34:41,1682454881,735770081
1641660,2023-04-25T20:37:16,1682455036,735770236
1641660,2023-04-25T20:38:25,1682455105,735770305
1641660,2023-04-25T20:39:37,1682455177,735770377
1641660,2023-04-25T20:40:23,1682455223,735770423
1641660,2023-04-25T20:40:51,1682455251,735770451
1641660,2023-04-25T20:41:06,1682455266,735770466
1641660,2023-04-25T20:41:27,1682455287,735770487
1641660,2023-04-25T20:41:40,1682455300,735770500
1641660,2023-04-25T20:42:05,1682455325,735770525
1641660,2023-04-25T20:42:24,1682455344,735770544
1641660,2023-04-25T20:42:50,1682455370,735770570
1641660,2023-04-25T20:43:14,1682455394,735770594
1641660,2023-04-25T20:43:45,1682455425,735770625
1641660,2023-04-25T20:44:13,1682455453,735770653
1641660,2023-04-25T20:44:56,1682455496,735770696
1641660,2023-04-25T20:45:24,1682455524,735770724
1641660,2023-04-25T20:46:05,1682455565,735770765
1641660,2023-04-25T20:46:37,1682455597,735770797
1641660,2023-04-25T20:47:12,1682455632,735770832
1641660,2023-04-25T20:47:40,1682455660,735770860
1641660,2023-04-25T20:48:28,1682455708,735770908
1641660,2023-04-25T20:48:54,1682455734,735770934
1641660,2023-04-25T20:49:40,1682455780,735770980
1641660,2023-04-25T20:50:50,1682455850,735771050
1641660,2023-04-25T20:55:45,1682456145,735771345
1641660,2023-04-25T21:01:35,1682456495,735771695
1641660,2023-04-25T21:14:29,1682457269,735772469
1641660,2023-04-25T21:28:15,1682458095,735773295
1641660,2023-04-26T05:28:35,1682486915,735802115
1641660,2023-04-26T17:59:18,1682531958,735847158
1641660,2023-04-27T16:51:07,1682614267,735929467
1641660,2023-04-28T02:51:29,1682650289,735965489
1641660,2023-04-28T17:55:25,1682704525,736019725
1641660,2023-04-28T17:56:01,1682704561,736019761
1641660,2023-04-28T17:56:15,1682704575,736019775
1641660,2023-04-28T17:56:26,1682704586,736019786
1641660,2023-04-28T17:56:40,1682704600,736019800
1641660,2023-04-28T17:56:49,1682704609,736019809
1641660,2023-04-28T17:57:02,1682704622,736019822
1641660,2023-04-28T17:57:10,1682704630,736019830
1641660,2023-04-28T17:57:22,1682704642,736019842
1641660,2023-04-28T17:57:28,1682704648,736019848
1641660,2023-04-28T17:57:41,1682704661,736019861
1641660,2023-04-28T17:57:50,1682704670,736019870
1641660,2023-04-28T17:58:00,1682704680,736019880
1641660,2023-04-28T17:58:08,1682704688,736019888
1641660,2023-04-28T17:58:18,1682704698,736019898
1641660,2023-04-28T17:58:24,1682704704,736019904
1641660,2023-04-28T17:58:33,1682704713,736019913
1641660,2023-04-28T17:58:40,1682704720,736019920
1641660,2023-04-28T17:58:50,1682704730,736019930
1641660,2023-04-28T17:58:57,1682704737,736019937
1641660,2023-04-28T17:59:07,1682704747,736019947
1641660,2023-04-28T17:59:19,1682704759,736019959
1641660,2023-04-28T17:59:26,1682704766,736019966
1641660,2023-04-28T17:59:35,1682704775,736019975
1641660,2023-04-28T17:59:43,1682704783,736019983
1641660,2023-04-28T17:59:50,1682704790,736019990
1641660,2023-04-28T17:59:58,1682704798,736019998
1641660,2023-04-28T18:00:05,1682704805,736020005
1641660,2023-04-28T18:00:15,1682704815,736020015
1641660,2023-04-28T18:00:21,1682704821,736020021
1641660,2023-04-28T18:00:30,1682704830,736020030
1641660,2023-04-28T18:00:36,1682704836,736020036
1641660,2023-04-28T18:00:45,1682704845,736020045
1641660,2023-04-28T18:00:49,1682704849,736020049
1641660,2023-04-28T18:00:55,1682704855,736020055
1641660,2023-04-28T18:00:59,1682704859,736020059
1641660,2023-04-28T18:01:08,1682704868,736020068
1641660,2023-04-28T18:01:17,1682704877,736020077
1641660,2023-04-28T18:01:26,1682704886,736020086
1641660,2023-04-28T18:01:33,1682704893,736020093
1641660,2023-04-28T18:01:43,1682704903,736020103
1641660,2023-04-28T18:01:48,1682704908,736020108
1641660,2023-04-28T18:01:56,1682704916,736020116
1641660,2023-04-28T18:02:05,1682704925,736020125
1641660,2023-04-28T18:02:13,1682704933,736020133
1641660,2023-04-28T18:02:21,1682704941,736020141
1641660,2023-04-28T18:02:27,1682704947,736020147
1641660,2023-04-28T18:02:34,1682704954,736020154
1641660,2023-04-28T18:02:42,1682704962,736020162
1641660,2023-04-28T18:02:47,1682704967,736020167
1641660,2023-04-28T18:02:56,1682704976,736020176
1641660,2023-04-28T18:03:03,1682704983,736020183
1641660,2023-04-28T18:03:10,1682704990,736020190
1641660,2023-04-28T18:03:18,1682704998,736020198
1641660,2023-04-28T18:03:24,1682705004,736020204
1641660,2023-04-28T18:03:31,1682705011,736020211
1641660,2023-04-28T18:03:38,1682705018,736020218
1641660,2023-04-28T18:03:43,1682705023,736020223
1641660,2023-04-28T18:03:50,1682705030,736020230
1641660,2023-04-28T18:03:55,1682705035,736020235
1641660,2023-04-28T18:04:04,1682705044,736020244
1641660,2023-04-28T18:04:08,1682705048,736020248
1641660,2023-04-28T18:04:15,1682705055,736020255
1641660,2023-04-28T18:04:21,1682705061,736020261
1641660,2023-04-28T18:04:26,1682705066,736020266
1641660,2023-04-28T18:04:30,1682705070,736020270
1641660,2023-04-28T18:04:36,1682705076,736020276
1641660,2023-04-28T18:04:41,1682705081,736020281
1641660,2023-04-28T18:04:47,1682705087,736020287
1641660,2023-04-28T18:04:52,1682705092,736020292
1641660,2023-04-28T18:04:59,1682705099,736020299
1641660,2023-04-28T18:05:04,1682705104,736020304
1641660,2023-04-28T18:05:10,1682705110,736020310
1641660,2023-04-28T18:05:18,1682705118,736020318
1641660,2023-04-28T18:05:24,1682705124,736020324
1641660,2023-04-28T18:05:28,1682705128,736020328
1641660,2023-04-28T18:05:35,1682705135,736020335
1641660,2023-04-28T18:05:39,1682705139,736020339
1641660,2023-04-28T18:05:46,1682705146,736020346
1641660,2023-04-28T18:05:53,1682705153,736020353
1641660,2023-04-28T18:06:00,1682705160,736020360
1641660,2023-04-28T18:06:06,1682705166,736020366
1641660,2023-04-28T18:06:14,1682705174,736020374
1641660,2023-04-28T18:06:18,1682705178,736020378
1641660,2023-04-28T18:06:25,1682705185,736020385
1641660,2023-04-28T18:06:30,1682705190,736020390
1641660,2023-04-28T18:06:36,1682705196,736020396
1641660,2023-04-28T18:06:43,1682705203,736020403
1641660,2023-04-28T18:06:50,1682705210,736020410
1641660,2023-04-28T18:06:55,1682705215,736020415
1641660,2023-04-28T18:07:03,1682705223,736020423
1641660,2023-04-28T18:07:09,1682705229,736020429
1641660,2023-04-28T18:07:16,1682705236,736020436
1641660,2023-04-28T18:07:21,1682705241,736020441
1641660,2023-04-28T18:07:29,1682705249,736020449
1641660,2023-04-28T18:07:35,1682705255,736020455
1641660,2023-04-28T18:07:42,1682705262,736020462
1641660,2023-04-28T18:07:48,1682705268,736020468
1641660,2023-04-28T18:07:55,1682705275,736020475
1641660,2023-04-28T18:08:02,1682705282,736020482
1641660,2023-04-28T18:08:10,1682705290,736020490
1641660,2023-04-28T18:08:18,1682705298,736020498
1641660,2023-04-28T18:08:28,1682705308,736020508
1641660,2023-04-28T18:08:34,1682705314,736020514
1641660,2023-04-28T18:08:43,1682705323,736020523
1641660,2023-04-28T18:08:50,1682705330,736020530
1641660,2023-04-28T18:09:00,1682705340,736020540
1641660,2023-04-28T18:09:06,1682705346,736020546
1641660,2023-04-28T18:09:15,1682705355,736020555
1641660,2023-04-28T18:09:22,1682705362,736020562
1641660,2023-04-28T18:09:31,1682705371,736020571
1641660,2023-04-28T18:09:37,1682705377,736020577
1641660,2023-04-28T18:09:47,1682705387,736020587
1641660,2023-04-28T18:09:55,1682705395,736020595
1641660,2023-04-28T18:10:05,1682705405,736020605
1641660,2023-04-28T18:10:14,1682705414,736020614
1641660,2023-04-28T18:10:23,1682705423,736020623
1641660,2023-04-28T18:10:30,1682705430,736020630
1641660,2023-04-28T18:10:42,1682705442,736020642
1641660,2023-04-28T18:10:50,1682705450,736020650
1641660,2023-04-28T18:11:00,1682705460,736020660
1641660,2023-04-28T18:11:06,1682705466,736020666
1641660,2023-04-28T18:11:16,1682705476,736020676
1641660,2023-04-28T18:11:21,1682705481,736020681
1641660,2023-04-28T18:11:30,1682705490,736020690
1641660,2023-04-28T18:11:36,1682705496,736020696
1641660,2023-04-28T18:11:44,1682705504,736020704
1641660,2023-04-28T18:11:49,1682705509,736020709
1641660,2023-04-28T18:11:56,1682705516,736020716
1641660,2023-04-28T18:12:02,1682705522,736020722
1641660,2023-04-28T18:12:09,1682705529,736020729
1641660,2023-04-28T18:12:13,1682705533,736020733
1641660,2023-04-28T18:12:17,1682705537,736020737
1641660,2023-04-28T18:12:20,1682705540,736020740
1641660,2023-04-28T18:12:26,1682705546,736020746
1641660,2023-04-28T18:12:30,1682705550,736020750
1641660,2023-04-28T18:12:36,1682705556,736020756
1641660,2023-04-28T18:12:40,1682705560,736020760
1641660,2023-04-28T18:12:47,1682705567,736020767
1641660,2023-04-28T18:12:51,1682705571,736020771
1641660,2023-04-28T18:12:56,1682705576,736020776
1641660,2023-04-28T18:13:00,1682705580,736020780
1641660,2023-04-28T18:13:05,1682705585,736020785
1641660,2023-04-28T18:13:10,1682705590,736020790
1641660,2023-04-28T18:13:18,1682705598,736020798
1641660,2023-04-28T18:13:24,1682705604,736020804
1641660,2023-04-28T18:13:35,1682705615,736020815
1641660,2023-04-28T18:13:44,1682705624,736020824
1641660,2023-04-28T18:13:59,1682705639,736020839
1641660,2023-04-28T18:14:12,1682705652,736020852
1641660,2023-04-28T18:14:28,1682705668,736020868
1641660,2023-04-28T18:14:42,1682705682,736020882
1641660,2023-04-28T18:15:09,1682705709,736020909
1641660,2023-04-28T18:15:33,1682705733,736020933
1641660,2023-04-28T18:16:22,1682705782,736020982
1641660,2023-04-28T18:16:57,1682705817,736021017
1641660,2023-04-28T18:17:38,1682705858,736021058
1641660,2023-04-28T18:18:09,1682705889,736021089
1641660,2023-04-28T18:19:01,1682705941,736021141
1641660,2023-04-28T18:19:53,1682705993,736021193
1641660,2023-04-28T18:21:42,1682706102,736021302
1641660,2023-04-28T18:25:05,1682706305,736021505
1641660,2023-04-28T18:32:13,1682706733,736021933
1641660,2023-04-28T18:40:14,1682707214,736022414
1641660,2023-04-29T05:12:34,1682745154,736060354
1641660,2023-04-29T17:21:48,1682788908,736104108
1641660,2023-04-29T17:40:42,1682790042,736105242
1641660,2023-04-29T17:45:28,1682790328,736105528
1641660,2023-04-29T17:47:26,1682790446,736105646
1641660,2023-04-29T17:48:26,1682790506,736105706
1641660,2023-04-29T17:49:52,1682790592,736105792
1641660,2023-04-29T17:50:28,1682790628,736105828
1641660,2023-04-29T17:51:54,1682790714,736105914
1641660,2023-04-29T17:52:40,1682790760,736105960
1641660,2023-04-29T17:54:04,1682790844,736106044
1641660,2023-04-29T17:55:14,1682790914,736106114
1641660,2023-04-29T17:56:08,1682790968,736106168
1641660,2023-04-29T17:56:41,1682791001,736106201
1641660,2023-04-29T17:57:31,1682791051,736106251
1641660,2023-04-29T17:58:04,1682791084,736106284
1641660,2023-04-29T17:58:49,1682791129,736106329
1641660,2023-04-29T17:59:21,1682791161,736106361
1641660,2023-04-29T17:59:47,1682791187,736106387
1641660,2023-04-29T18:00:07,1682791207,736106407
1641660,2023-04-29T18:00:31,1682791231,736106431
1641660,2023-04-29T18:00:49,1682791249,736106449
1641660,2023-04-29T18:01:13,1682791273,736106473
1641660,2023-04-29T18:01:54,1682791314,736106514
1641660,2023-04-29T18:03:57,1682791437,736106637
1641660,2023-04-29T18:07:28,1682791648,736106848
1641660,2023-04-29T19:56:06,1682798166,736113366
1641660,2023-04-29T20:25:38,1682799938,736115138
1641660,2023-04-30T15:13:51,1682867631,736182831
1641660,2023-04-30T16:33:22,1682872402,736187602
1641660,2023-04-30T16:34:38,1682872478,736187678
1641660,2023-04-30T16:35:10,1682872510,736187710
1641660,2023-04-30T16:35:28,1682872528,736187728
1641660,2023-04-30T16:35:43,1682872543,736187743
1641660,2023-04-30T16:36:09,1682872569,736187769
1641660,2023-04-30T16:36:29,1682872589,736187789
1641660,2023-04-30T16:36:44,1682872604,736187804
1641660,2023-04-30T16:36:58,1682872618,736187818
1641660,2023-04-30T16:37:08,1682872628,736187828
1641660,2023-04-30T16:37:17,1682872637,736187837
1641660,2023-04-30T16:37:24,1682872644,736187844
1641660,2023-04-30T16:37:33,1682872653,736187853
1641660,2023-04-30T16:37:40,1682872660,736187860
1641660,2023-04-30T16:37:56,1682872676,736187876
1641660,2023-04-30T16:38:04,1682872684,736187884
1641660,2023-04-30T16:38:11,1682872691,736187891
1641660,2023-04-30T16:38:21,1682872701,736187901
1641660,2023-04-30T16:38:28,1682872708,736187908
1641660,2023-04-30T16:38:37,1682872717,736187917
1641660,2023-04-30T16:38:45,1682872725,736187925
1641660,2023-04-30T16:38:50,1682872730,736187930
1641660,2023-04-30T16:38:57,1682872737,736187937
1641660,2023-04-30T16:39:04,1682872744,736187944
1641660,2023-04-30T16:39:11,1682872751,736187951
1641660,2023-04-30T16:39:18,1682872758,736187958
1641660,2023-04-30T16:39:26,1682872766,736187966
1641660,2023-04-30T16:39:33,1682872773,736187973
1641660,2023-04-30T16:39:41,1682872781,736187981
1641660,2023-04-30T16:39:47,1682872787,736187987
1641660,2023-04-30T16:39:55,1682872795,736187995
1641660,2023-04-30T16:40:02,1682872802,736188002
1641660,2023-04-30T16:40:07,1682872807,736188007
1641660,2023-04-30T16:40:11,1682872811,736188011
1641660,2023-04-30T16:40:17,1682872817,736188017
1641660,2023-04-30T16:40:22,1682872822,736188022
1641660,2023-04-30T16:40:27,1682872827,736188027
1641660,2023-04-30T16:40:30,1682872830,736188030
1641660,2023-04-30T16:40:36,1682872836,736188036
1641660,2023-04-30T16:40:44,1682872844,736188044
1641660,2023-04-30T16:40:51,1682872851,736188051
1641660,2023-04-30T16:40:57,1682872857,736188057
1641660,2023-04-30T16:41:02,1682872862,736188062
1641660,2023-04-30T16:41:08,1682872868,736188068
1641660,2023-04-30T16:41:14,1682872874,736188074
1641660,2023-04-30T16:41:19,1682872879,736188079
1641660,2023-04-30T16:41:25,1682872885,736188085
1641660,2023-04-30T16:41:31,1682872891,736188091
1641660,2023-04-30T16:41:39,1682872899,736188099
1641660,2023-04-30T16:41:46,1682872906,736188106
1641660,2023-04-30T16:41:54,1682872914,736188114
1641660,2023-04-30T16:42:00,1682872920,736188120
1641660,2023-04-30T16:42:07,1682872927,736188127
1641660,2023-04-30T16:42:16,1682872936,736188136
1641660,2023-04-30T16:42:23,1682872943,736188143
1641660,2023-04-30T16:42:30,1682872950,736188150
1641660,2023-04-30T16:42:37,1682872957,736188157
1641660,2023-04-30T16:42:46,1682872966,736188166
1641660,2023-04-30T16:42:56,1682872976,736188176
1641660,2023-04-30T16:43:06,1682872986,736188186
1641660,2023-04-30T16:43:16,1682872996,736188196
1641660,2023-04-30T16:43:24,1682873004,736188204
1641660,2023-04-30T16:43:35,1682873015,736188215
1641660,2023-04-30T16:43:43,1682873023,736188223
1641660,2023-04-30T16:43:55,1682873035,736188235
1641660,2023-04-30T16:44:04,1682873044,736188244
1641660,2023-04-30T16:44:13,1682873053,736188253
1641660,2023-04-30T16:44:23,1682873063,736188263
1641660,2023-04-30T16:44:34,1682873074,736188274
1641660,2023-04-30T16:44:45,1682873085,736188285
1641660,2023-04-30T16:44:54,1682873094,736188294
1641660,2023-04-30T16:45:09,1682873109,736188309
1641660,2023-04-30T16:45:23,1682873123,736188323
1641660,2023-04-30T16:45:35,1682873135,736188335
1641660,2023-04-30T16:45:47,1682873147,736188347
1641660,2023-04-30T16:46:01,1682873161,736188361
1641660,2023-04-30T16:46:14,1682873174,736188374
1641660,2023-04-30T16:46:28,1682873188,736188388
1641660,2023-04-30T16:46:43,1682873203,736188403
1641660,2023-04-30T16:46:52,1682873212,736188412
1641660,2023-04-30T16:47:03,1682873223,736188423
1641660,2023-04-30T16:47:12,1682873232,736188432
1641660,2023-04-30T16:47:26,1682873246,736188446
1641660,2023-04-30T16:47:40,1682873260,736188460
1641660,2023-04-30T16:47:57,1682873277,736188477
1641660,2023-04-30T16:48:14,1682873294,736188494
1641660,2023-04-30T16:48:32,1682873312,736188512
1641660,2023-04-30T16:48:49,1682873329,736188529
1641660,2023-04-30T16:49:09,1682873349,736188549
1641660,2023-04-30T16:49:26,1682873366,736188566
1641660,2023-04-30T16:49:42,1682873382,736188582
1641660,2023-04-30T16:50:00,1682873400,736188600
1641660,2023-04-30T16:50:19,1682873419,736188619
1641660,2023-04-30T16:50:36,1682873436,736188636
1641660,2023-04-30T16:51:00,1682873460,736188660
1641660,2023-04-30T16:51:21,1682873481,736188681
1641660,2023-04-30T16:51:43,1682873503,736188703
1641660,2023-04-30T16:52:03,1682873523,736188723
1641660,2023-04-30T16:52:30,1682873550,736188750
1641660,2023-04-30T16:52:54,1682873574,736188774
1641660,2023-04-30T16:53:22,1682873602,736188802
1641660,2023-04-30T16:53:48,1682873628,736188828
1641660,2023-04-30T16:54:10,1682873650,736188850
1641660,2023-04-30T16:54:36,1682873676,736188876
1641660,2023-04-30T16:55:03,1682873703,736188903
1641660,2023-04-30T16:55:50,1682873750,736188950
1641660,2023-04-30T16:56:51,1682873811,736189011
1641660,2023-04-30T16:58:08,1682873888,736189088
1641660,2023-04-30T17:01:14,1682874074,736189274
1641660,2023-04-30T17:09:59,1682874599,736189799
1641660,2023-04-30T17:43:13,1682876593,736191793
1641660,2023-04-30T18:34:06,1682879646,736194846
1641660,2023-04-30T19:00:33,1682881233,736196433
1641660,2023-05-01T06:34:55,1682922895,736238095
1641660,2023-05-02T12:25:43,1683030343,736345543
1641660,2023-05-03T16:43:03,1683132183,736447383
1641660,2023-05-04T16:51:00,1683219060,736534260
1641660,2023-05-04T16:51:30,1683219090,736534290
1641660,2023-05-04T16:51:47,1683219107,736534307
1641660,2023-05-04T16:52:12,1683219132,736534332
1641660,2023-05-04T16:52:23,1683219143,736534343
1641660,2023-05-04T16:52:40,1683219160,736534360
1641660,2023-05-04T16:52:49,1683219169,736534369
1641660,2023-05-04T16:53:03,1683219183,736534383
1641660,2023-05-04T16:53:14,1683219194,736534394
1641660,2023-05-04T16:53:29,1683219209,736534409
1641660,2023-05-04T16:53:37,1683219217,736534417
1641660,2023-05-04T16:53:49,1683219229,736534429
1641660,2023-05-04T16:53:55,1683219235,736534435
1641660,2023-05-04T16:54:04,1683219244,736534444
1641660,2023-05-04T16:54:14,1683219254,736534454
1641660,2023-05-04T16:54:37,1683219277,736534477
1641660,2023-05-04T16:54:53,1683219293,736534493
1641660,2023-05-04T16:55:06,1683219306,736534506
1641660,2023-05-04T16:55:15,1683219315,736534515
1641660,2023-05-04T16:55:27,1683219327,736534527
1641660,2023-05-04T16:55:38,1683219338,736534538
1641660,2023-05-04T16:55:53,1683219353,736534553
1641660,2023-05-04T16:56:10,1683219370,736534570
1641660,2023-05-04T16:56:27,1683219387,736534587
1641660,2023-05-04T16:56:41,1683219401,736534601
1641660,2023-05-04T16:57:00,1683219420,736534620
1641660,2023-05-04T16:57:11,1683219431,736534631
1641660,2023-05-04T16:57:24,1683219444,736534644
1641660,2023-05-04T16:57:32,1683219452,736534652
1641660,2023-05-04T16:57:46,1683219466,736534666
1641660,2023-05-04T16:57:53,1683219473,736534673
1641660,2023-05-04T16:58:06,1683219486,736534686
1641660,2023-05-04T16:58:14,1683219494,736534694
1641660,2023-05-04T16:58:23,1683219503,736534703
1641660,2023-05-04T16:58:32,1683219512,736534712
1641660,2023-05-04T16:58:47,1683219527,736534727
1641660,2023-05-04T16:58:56,1683219536,736534736
1641660,2023-05-04T16:59:09,1683219549,736534749
1641660,2023-05-04T16:59:18,1683219558,736534758
1641660,2023-05-04T16:59:29,1683219569,736534769
1641660,2023-05-04T16:59:37,1683219577,736534777
1641660,2023-05-04T16:59:46,1683219586,736534786
1641660,2023-05-04T16:59:55,1683219595,736534795
1641660,2023-05-04T17:00:10,1683219610,736534810
1641660,2023-05-04T17:00:23,1683219623,736534823
1641660,2023-05-04T17:01:08,1683219668,736534868
1641660,2023-05-04T17:02:55,1683219775,736534975
1641660,2023-05-05T07:08:30,1683270510,736585710
