11482272,2023-10-20T13:44:30,1697809470,751124670,-666.00,-666.00
11482272,2023-10-20T13:44:31,1697809471,751124671,-666.00,-666.00
11482272,2023-10-20T13:44:32,1697809472,751124672,-666.00,-666.00
11482272,2023-10-20T13:44:33,1697809473,751124673,-666.00,-666.00
11482272,2023-10-20T13:44:34,1697809474,751124674,-666.00,-666.00
11482272,2023-10-21T07:50:58,1697874658,751189858,32.23,89.31
11482272,2023-10-21T07:53:22,1697874802,751190002,30.79,94.95
11482272,2023-10-21T07:56:33,1697874993,751190193,30.37,99.16
11482272,2023-10-21T08:01:43,1697875303,751190503,29.47,99.01
11482272,2023-10-21T08:03:01,1697875381,751190581,29.38,100.00
11482272,2023-10-21T08:04:16,1697875456,751190656,29.30,100.00
11482272,2023-10-21T08:05:24,1697875524,751190724,29.27,100.00
11482272,2023-10-21T08:07:02,1697875622,751190822,29.10,100.00
11482272,2023-10-21T08:09:34,1697875774,751190974,29.16,100.00
11482272,2023-10-21T08:11:25,1697875885,751191085,29.02,100.00
11482272,2023-10-21T08:12:56,1697875976,751191176,29.07,100.00
11482272,2023-10-21T08:15:36,1697876136,751191336,28.92,100.00
11482272,2023-10-21T15:10:41,1697901041,751216241,25.97,100.00
11482272,2023-10-22T06:44:00,1697957040,751272240,31.32,94.54
11482272,2023-10-22T06:45:18,1697957118,751272318,30.55,86.29
11482272,2023-10-22T06:46:22,1697957182,751272382,30.24,87.14
11482272,2023-10-22T06:46:34,1697957194,751272394,30.25,87.15
11482272,2023-10-22T06:46:44,1697957204,751272404,29.73,85.52
11482272,2023-10-22T06:46:54,1697957214,751272414,29.78,84.18
11482272,2023-10-22T06:47:04,1697957224,751272424,29.91,84.07
11482272,2023-10-22T06:47:17,1697957237,751272437,29.95,84.26
11482272,2023-10-22T06:47:34,1697957254,751272454,29.96,84.40
11482272,2023-10-22T06:47:48,1697957268,751272468,29.90,84.55
11482272,2023-10-22T06:48:04,1697957284,751272484,29.89,84.75
11482272,2023-10-22T06:48:23,1697957303,751272503,29.99,84.89
11482272,2023-10-22T06:48:50,1697957330,751272530,30.05,85.03
11482272,2023-10-22T06:49:59,1697957399,751272599,29.87,85.48
11482272,2023-10-22T11:02:47,1697972567,751287767,26.32,98.12
11482272,2023-10-22T11:03:15,1697972595,751287795,26.33,99.12
11482272,2023-10-22T11:03:32,1697972612,751287812,26.22,99.11
11482272,2023-10-22T11:03:43,1697972623,751287823,26.16,99.38
11482272,2023-10-22T11:03:57,1697972637,751287837,26.00,99.40
11482272,2023-10-22T11:04:15,1697972655,751287855,25.82,99.77
11482272,2023-10-22T11:04:33,1697972673,751287873,25.75,100.00
11482272,2023-10-22T11:05:01,1697972701,751287901,25.67,100.00
11482272,2023-10-22T11:05:50,1697972750,751287950,25.54,100.00
11482272,2023-10-22T11:07:11,1697972831,751288031,25.59,100.00
11482272,2023-10-22T11:08:45,1697972925,751288125,25.42,100.00
11482272,2023-10-22T11:14:56,1697973296,751288496,25.65,100.00
11482272,2023-10-22T11:20:52,1697973652,751288852,25.65,100.00
11482272,2023-10-22T11:24:01,1697973841,751289041,25.59,100.00
11482272,2023-10-22T11:26:45,1697974005,751289205,25.31,100.00
11482272,2023-10-22T11:29:43,1697974183,751289383,25.22,100.00
11482272,2023-10-22T11:32:20,1697974340,751289540,25.11,100.00
11482272,2023-10-22T11:34:34,1697974474,751289674,24.99,100.00
11482272,2023-10-22T11:36:26,1697974586,751289786,25.07,100.00
11482272,2023-10-22T11:38:15,1697974695,751289895,25.07,100.00
11482272,2023-10-22T11:40:07,1697974807,751290007,24.91,100.00
11482272,2023-10-22T11:42:21,1697974941,751290141,24.92,100.00
11482272,2023-10-22T11:44:45,1697975085,751290285,24.99,100.00
11482272,2023-10-22T11:46:42,1697975202,751290402,25.12,100.00
11482272,2023-10-22T11:48:51,1697975331,751290531,25.15,100.00
11482272,2023-10-22T11:50:48,1697975448,751290648,25.09,100.00
11482272,2023-10-22T11:53:22,1697975602,751290802,25.18,100.00
11482272,2023-10-22T11:55:45,1697975745,751290945,25.18,100.00
11482272,2023-10-22T11:57:34,1697975854,751291054,25.18,100.00
11482272,2023-10-22T11:59:20,1697975960,751291160,25.05,100.00
11482272,2023-10-22T12:00:48,1697976048,751291248,25.01,100.00
11482272,2023-10-22T12:02:59,1697976179,751291379,25.03,100.00
11482272,2023-10-22T12:05:21,1697976321,751291521,25.06,100.00
11482272,2023-10-22T12:08:20,1697976500,751291700,25.04,100.00
11482272,2023-10-22T12:12:56,1697976776,751291976,25.11,100.00
11482272,2023-10-22T15:56:08,1697990168,751305368,25.01,100.00
11482272,2023-10-25T16:03:57,1698249837,751565037,26.15,100.00
11482272,2023-10-25T16:08:11,1698250091,751565291,26.01,100.00
11482272,2023-10-25T16:11:02,1698250262,751565462,26.16,100.00
11482272,2023-10-25T16:13:39,1698250419,751565619,26.17,100.00
11482272,2023-10-25T16:18:13,1698250693,751565893,26.02,100.00
11482272,2023-10-25T16:56:00,1698252960,751568160,25.80,100.00
11482272,2023-10-25T17:18:16,1698254296,751569496,25.77,100.00
11482272,2023-10-25T17:23:10,1698254590,751569790,25.75,100.00
11482272,2023-10-25T18:10:41,1698257441,751572641,25.55,100.00
11482272,2023-10-25T18:15:39,1698257739,751572939,25.52,100.00
11482272,2023-10-25T18:25:48,1698258348,751573548,25.39,100.00
11482272,2023-10-25T18:27:30,1698258450,751573650,25.31,100.00
11482272,2023-10-25T18:28:54,1698258534,751573734,25.16,100.00
11482272,2023-10-25T18:30:32,1698258632,751573832,25.20,100.00
11482272,2023-10-25T18:32:02,1698258722,751573922,25.27,100.00
11482272,2023-10-25T18:33:44,1698258824,751574024,25.26,100.00
11482272,2023-10-25T18:35:28,1698258928,751574128,25.32,100.00
11482272,2023-10-25T18:41:05,1698259265,751574465,24.96,100.00
11482272,2023-10-25T20:11:11,1698264671,751579871,24.81,100.00
11482272,2023-10-27T06:59:24,1698389964,751705164,30.40,85.41
11482272,2023-10-27T07:03:25,1698390205,751705405,28.99,93.63
11482272,2023-10-27T07:06:25,1698390385,751705585,29.07,95.23
11482272,2023-10-27T08:23:25,1698395005,751710205,31.75,80.34
11482272,2023-10-27T08:42:07,1698396127,751711327,29.55,93.35
11482272,2023-10-28T12:22:44,1698495764,751810964,26.84,99.32
11482272,2023-10-28T12:23:23,1698495803,751811003,26.79,99.95
11482272,2023-10-28T12:23:58,1698495838,751811038,26.76,100.00
11482272,2023-10-28T12:24:36,1698495876,751811076,26.72,100.00
11482272,2023-10-28T12:25:18,1698495918,751811118,26.71,100.00
11482272,2023-10-28T12:26:02,1698495962,751811162,26.70,100.00
11482272,2023-10-28T12:26:56,1698496016,751811216,26.71,100.00
11482272,2023-10-28T12:27:48,1698496068,751811268,26.65,100.00
11482272,2023-10-28T12:28:42,1698496122,751811322,26.59,100.00
11482272,2023-10-28T12:29:44,1698496184,751811384,26.54,100.00
11482272,2023-10-28T12:30:56,1698496256,751811456,26.46,100.00
11482272,2023-10-28T12:31:47,1698496307,751811507,26.45,100.00
11482272,2023-10-28T12:32:37,1698496357,751811557,26.37,100.00
11482272,2023-10-28T12:33:59,1698496439,751811639,26.42,100.00
11482272,2023-10-28T12:35:23,1698496523,751811723,26.36,100.00
11482272,2023-10-28T12:36:15,1698496575,751811775,26.40,100.00
11482272,2023-10-28T12:36:47,1698496607,751811807,26.30,100.00
11482272,2023-10-28T12:37:17,1698496637,751811837,26.21,100.00
11482272,2023-10-28T12:37:51,1698496671,751811871,26.21,100.00
11482272,2023-10-28T12:38:28,1698496708,751811908,26.15,100.00
11482272,2023-10-28T12:39:09,1698496749,751811949,26.05,100.00
11482272,2023-10-28T12:39:57,1698496797,751811997,26.05,100.00
11482272,2023-10-28T12:40:40,1698496840,751812040,26.03,100.00
11482272,2023-10-28T12:41:23,1698496883,751812083,25.93,100.00
11482272,2023-10-28T12:42:20,1698496940,751812140,25.96,100.00
11482272,2023-10-28T12:43:46,1698497026,751812226,25.89,100.00
11482272,2023-10-28T12:44:59,1698497099,751812299,25.94,100.00
11482272,2023-10-28T12:45:56,1698497156,751812356,25.96,100.00
11482272,2023-10-28T12:46:47,1698497207,751812407,25.91,100.00
11482272,2023-10-28T12:47:45,1698497265,751812465,25.96,100.00
11482272,2023-10-28T12:50:00,1698497400,751812600,26.12,100.00
11482272,2023-10-28T12:56:35,1698497795,751812995,26.01,100.00
11482272,2023-10-28T12:58:47,1698497927,751813127,26.09,100.00
11482272,2023-10-28T13:21:25,1698499285,751814485,26.06,100.00
11482272,2023-10-28T13:26:27,1698499587,751814787,25.89,100.00
11482272,2023-10-28T13:29:27,1698499767,751814967,26.06,100.00
11482272,2023-10-28T13:32:51,1698499971,751815171,26.03,100.00
11482272,2023-10-28T13:39:05,1698500345,751815545,26.04,100.00
11482272,2023-10-28T13:48:35,1698500915,751816115,25.61,100.00
11482272,2023-10-28T22:08:04,1698530884,751846084,24.75,100.00
11482272,2023-10-29T11:06:32,1698577592,751892792,28.87,98.49
11482272,2023-10-29T11:07:08,1698577628,751892828,28.66,99.27
11482272,2023-10-29T11:08:15,1698577695,751892895,28.43,100.00
11482272,2023-10-30T07:35:19,1698651319,751966519,32.12,82.50
11482272,2023-10-30T07:36:30,1698651390,751966590,30.70,89.77
11482272,2023-10-30T07:38:11,1698651491,751966691,29.73,96.81
11482272,2023-10-30T07:39:15,1698651555,751966755,29.23,99.75
11482272,2023-10-30T07:40:43,1698651643,751966843,28.95,100.00
11482272,2023-10-30T07:42:23,1698651743,751966943,28.38,100.00
11482272,2023-10-30T07:46:31,1698651991,751967191,27.72,100.00
11482272,2023-10-30T07:48:04,1698652084,751967284,27.48,100.00
11482272,2023-10-30T07:48:46,1698652126,751967326,27.39,100.00
11482272,2023-10-30T07:49:24,1698652164,751967364,27.18,100.00
11482272,2023-10-30T07:50:07,1698652207,751967407,26.88,100.00
11482272,2023-10-30T07:51:00,1698652260,751967460,26.62,100.00
11482272,2023-10-30T07:51:22,1698652282,751967482,26.49,100.00
11482272,2023-10-30T07:51:44,1698652304,751967504,26.44,100.00
11482272,2023-10-30T07:52:07,1698652327,751967527,26.61,100.00
11482272,2023-10-30T07:52:28,1698652348,751967548,26.43,100.00
11482272,2023-10-30T07:52:47,1698652367,751967567,26.34,100.00
11482272,2023-10-30T07:53:07,1698652387,751967587,26.39,100.00
11482272,2023-10-30T07:53:36,1698652416,751967616,26.23,100.00
11482272,2023-10-30T07:54:10,1698652450,751967650,26.35,100.00
11482272,2023-10-30T07:54:34,1698652474,751967674,26.20,100.00
11482272,2023-10-30T07:54:57,1698652497,751967697,26.21,100.00
11482272,2023-10-30T07:55:23,1698652523,751967723,26.16,100.00
11482272,2023-10-30T07:55:44,1698652544,751967744,25.87,100.00
11482272,2023-10-30T07:56:02,1698652562,751967762,25.83,100.00
11482272,2023-10-30T07:56:21,1698652581,751967781,25.82,100.00
11482272,2023-10-30T07:56:35,1698652595,751967795,25.79,100.00
11482272,2023-10-30T07:56:47,1698652607,751967807,25.74,100.00
11482272,2023-10-30T07:56:58,1698652618,751967818,25.77,100.00
11482272,2023-10-30T07:57:13,1698652633,751967833,25.80,100.00
11482272,2023-10-30T07:57:26,1698652646,751967846,25.82,100.00
11482272,2023-10-30T07:57:54,1698652674,751967874,25.91,100.00
11482272,2023-10-30T07:58:14,1698652694,751967894,25.90,100.00
11482272,2023-10-30T07:58:27,1698652707,751967907,25.92,100.00
11482272,2023-10-30T07:58:39,1698652719,751967919,25.93,100.00
11482272,2023-10-30T07:58:50,1698652730,751967930,25.93,100.00
11482272,2023-10-30T07:59:02,1698652742,751967942,25.88,100.00
11482272,2023-10-30T07:59:13,1698652753,751967953,25.84,100.00
11482272,2023-10-30T07:59:25,1698652765,751967965,25.88,100.00
11482272,2023-10-30T07:59:39,1698652779,751967979,25.89,100.00
11482272,2023-10-30T07:59:52,1698652792,751967992,25.92,100.00
11482272,2023-10-30T08:00:05,1698652805,751968005,25.95,100.00
11482272,2023-10-30T08:00:17,1698652817,751968017,25.97,100.00
11482272,2023-10-30T08:00:31,1698652831,751968031,26.00,100.00
11482272,2023-10-30T08:00:43,1698652843,751968043,26.02,100.00
11482272,2023-10-30T08:00:56,1698652856,751968056,26.02,100.00
11482272,2023-10-30T08:01:11,1698652871,751968071,26.03,100.00
11482272,2023-10-30T08:01:23,1698652883,751968083,26.01,100.00
11482272,2023-10-30T08:01:35,1698652895,751968095,25.97,100.00
11482272,2023-10-30T08:01:44,1698652904,751968104,25.88,100.00
11482272,2023-10-30T08:01:52,1698652912,751968112,25.86,100.00
11482272,2023-10-30T08:02:03,1698652923,751968123,25.90,100.00
11482272,2023-10-30T08:02:15,1698652935,751968135,25.91,100.00
11482272,2023-10-30T08:02:28,1698652948,751968148,25.89,100.00
11482272,2023-10-30T08:02:40,1698652960,751968160,25.93,100.00
11482272,2023-10-30T08:02:53,1698652973,751968173,25.94,100.00
11482272,2023-10-30T08:03:04,1698652984,751968184,25.92,100.00
11482272,2023-10-30T08:03:17,1698652997,751968197,25.91,100.00
11482272,2023-10-30T08:03:31,1698653011,751968211,25.90,100.00
11482272,2023-10-30T08:03:45,1698653025,751968225,25.90,100.00
11482272,2023-10-30T08:03:56,1698653036,751968236,25.90,100.00
11482272,2023-10-30T08:04:07,1698653047,751968247,25.87,100.00
11482272,2023-10-30T08:04:17,1698653057,751968257,25.84,100.00
11482272,2023-10-30T08:04:24,1698653064,751968264,25.81,100.00
11482272,2023-10-30T08:04:33,1698653073,751968273,25.81,100.00
11482272,2023-10-30T08:04:41,1698653081,751968281,25.81,100.00
11482272,2023-10-30T08:04:49,1698653089,751968289,25.83,100.00
11482272,2023-10-30T08:04:56,1698653096,751968296,25.84,100.00
11482272,2023-10-30T08:05:02,1698653102,751968302,25.84,100.00
11482272,2023-10-30T08:05:09,1698653109,751968309,25.84,100.00
11482272,2023-10-30T08:05:17,1698653117,751968317,25.82,100.00
11482272,2023-10-30T08:05:23,1698653123,751968323,25.76,100.00
11482272,2023-10-30T08:05:32,1698653132,751968332,25.74,100.00
11482272,2023-10-30T08:05:40,1698653140,751968340,25.73,100.00
11482272,2023-10-30T08:05:48,1698653148,751968348,25.72,100.00
11482272,2023-10-30T08:05:57,1698653157,751968357,25.71,100.00
11482272,2023-10-30T08:06:07,1698653167,751968367,25.68,100.00
11482272,2023-10-30T08:06:18,1698653178,751968378,25.65,100.00
11482272,2023-10-30T08:06:29,1698653189,751968389,25.66,100.00
11482272,2023-10-30T08:06:41,1698653201,751968401,25.65,100.00
11482272,2023-10-30T08:06:55,1698653215,751968415,25.67,100.00
11482272,2023-10-30T08:07:10,1698653230,751968430,25.68,100.00
11482272,2023-10-30T08:07:30,1698653250,751968450,25.69,100.00
11482272,2023-10-30T08:07:56,1698653276,751968476,25.75,100.00
11482272,2023-10-30T08:08:38,1698653318,751968518,25.62,100.00
11482272,2023-10-30T08:09:38,1698653378,751968578,25.57,100.00
11482272,2023-10-30T08:11:36,1698653496,751968696,25.65,100.00
11482272,2023-10-30T08:12:36,1698653556,751968756,25.69,100.00
11482272,2023-10-30T08:15:18,1698653718,751968918,25.99,100.00
11482272,2023-10-30T08:28:05,1698654485,751969685,25.54,100.00
11482272,2023-10-30T09:55:47,1698659747,751974947,26.00,100.00
11482272,2023-10-30T11:33:57,1698665637,751980837,25.94,100.00
11482272,2023-10-31T07:00:41,1698735641,752050841,27.97,86.26
11482272,2023-10-31T07:02:00,1698735720,752050920,26.45,92.38
11482272,2023-10-31T07:02:30,1698735750,752050950,26.00,94.57
11482272,2023-10-31T07:03:01,1698735781,752050981,25.67,97.14
11482272,2023-10-31T07:03:35,1698735815,752051015,25.41,98.16
11482272,2023-10-31T07:03:49,1698735829,752051029,25.35,98.68
11482272,2023-10-31T07:04:13,1698735853,752051053,25.09,98.60
11482272,2023-10-31T07:04:36,1698735876,752051076,24.99,99.22
11482272,2023-10-31T07:05:04,1698735904,752051104,24.89,99.42
11482272,2023-10-31T07:05:29,1698735929,752051129,24.81,99.92
11482272,2023-10-31T07:05:59,1698735959,752051159,24.68,100.00
11482272,2023-10-31T07:06:11,1698735971,752051171,24.62,100.00
11482272,2023-10-31T07:06:24,1698735984,752051184,24.55,100.00
11482272,2023-10-31T07:06:36,1698735996,752051196,24.49,100.00
11482272,2023-10-31T07:06:48,1698736008,752051208,24.52,100.00
11482272,2023-10-31T07:07:03,1698736023,752051223,24.54,100.00
11482272,2023-10-31T07:07:29,1698736049,752051249,24.49,100.00
11482272,2023-10-31T07:07:49,1698736069,752051269,24.54,100.00
11482272,2023-10-31T07:08:08,1698736088,752051288,24.68,100.00
11482272,2023-10-31T07:08:32,1698736112,752051312,24.65,100.00
11482272,2023-10-31T07:08:52,1698736132,752051332,24.62,100.00
11482272,2023-10-31T07:09:12,1698736152,752051352,24.69,100.00
11482272,2023-10-31T07:09:37,1698736177,752051377,24.75,100.00
11482272,2023-10-31T07:10:03,1698736203,752051403,24.75,100.00
11482272,2023-10-31T07:10:30,1698736230,752051430,24.83,100.00
11482272,2023-10-31T07:11:07,1698736267,752051467,24.70,100.00
11482272,2023-10-31T07:11:48,1698736308,752051508,24.49,100.00
11482272,2023-10-31T07:12:36,1698736356,752051556,24.38,100.00
11482272,2023-10-31T07:13:20,1698736400,752051600,24.38,100.00
11482272,2023-10-31T07:14:03,1698736443,752051643,24.43,100.00
11482272,2023-10-31T07:14:59,1698736499,752051699,24.63,100.00
11482272,2023-10-31T07:16:19,1698736579,752051779,24.60,100.00
11482272,2023-10-31T07:17:18,1698736638,752051838,24.61,100.00
11482272,2023-10-31T07:18:07,1698736687,752051887,24.70,100.00
11482272,2023-10-31T07:18:48,1698736728,752051928,24.61,100.00
11482272,2023-10-31T07:19:26,1698736766,752051966,24.52,100.00
11482272,2023-10-31T07:20:00,1698736800,752052000,24.47,100.00
11482272,2023-10-31T07:20:33,1698736833,752052033,24.41,100.00
11482272,2023-10-31T07:21:11,1698736871,752052071,24.49,100.00
11482272,2023-10-31T07:22:06,1698736926,752052126,24.56,100.00
11482272,2023-10-31T07:22:54,1698736974,752052174,24.47,100.00
11482272,2023-10-31T07:23:59,1698737039,752052239,24.46,100.00
11482272,2023-10-31T07:25:46,1698737146,752052346,24.84,100.00
11482272,2023-10-31T07:31:41,1698737501,752052701,24.83,100.00
11482272,2023-10-31T08:23:41,1698740621,752055821,24.70,100.00
11482272,2023-11-01T07:36:38,1698824198,752139398,27.10,97.48
11482272,2023-11-01T07:37:30,1698824250,752139450,26.94,98.67
11482272,2023-11-01T07:38:19,1698824299,752139499,26.63,99.77
11482272,2023-11-01T07:38:49,1698824329,752139529,26.44,99.87
11482272,2023-11-01T07:39:32,1698824372,752139572,26.38,100.00
11482272,2023-11-01T07:40:06,1698824406,752139606,26.37,100.00
11482272,2023-11-01T07:40:43,1698824443,752139643,26.23,100.00
11482272,2023-11-01T07:42:05,1698824525,752139725,26.32,100.00
11482272,2023-11-01T07:43:18,1698824598,752139798,26.36,100.00
11482272,2023-11-01T07:45:28,1698824728,752139928,25.76,100.00
11482272,2023-11-01T07:48:33,1698824913,752140113,25.79,100.00
11482272,2023-11-01T07:53:23,1698825203,752140403,25.34,100.00
11482272,2023-11-01T07:54:23,1698825263,752140463,25.23,100.00
11482272,2023-11-01T07:54:40,1698825280,752140480,25.21,100.00
11482272,2023-11-01T07:54:54,1698825294,752140494,25.17,100.00
11482272,2023-11-01T07:55:08,1698825308,752140508,25.07,100.00
11482272,2023-11-01T07:55:23,1698825323,752140523,25.01,100.00
11482272,2023-11-01T07:55:37,1698825337,752140537,24.95,100.00
11482272,2023-11-01T07:55:49,1698825349,752140549,24.89,100.00
11482272,2023-11-01T07:56:03,1698825363,752140563,24.89,100.00
11482272,2023-11-01T07:56:16,1698825376,752140576,24.82,100.00
11482272,2023-11-01T07:56:26,1698825386,752140586,24.74,100.00
11482272,2023-11-01T07:56:38,1698825398,752140598,24.64,100.00
11482272,2023-11-01T07:56:54,1698825414,752140614,24.50,100.00
11482272,2023-11-01T07:57:09,1698825429,752140629,24.46,100.00
11482272,2023-11-01T07:57:25,1698825445,752140645,24.40,100.00
11482272,2023-11-01T07:57:42,1698825462,752140662,24.36,100.00
11482272,2023-11-01T07:57:55,1698825475,752140675,24.34,100.00
11482272,2023-11-01T07:58:12,1698825492,752140692,24.24,100.00
11482272,2023-11-01T07:58:31,1698825511,752140711,24.14,100.00
11482272,2023-11-01T07:58:53,1698825533,752140733,24.11,100.00
11482272,2023-11-01T07:59:16,1698825556,752140756,24.11,100.00
11482272,2023-11-01T07:59:47,1698825587,752140787,24.12,100.00
11482272,2023-11-01T08:00:21,1698825621,752140821,24.16,100.00
11482272,2023-11-01T08:00:47,1698825647,752140847,24.21,100.00
11482272,2023-11-01T08:01:18,1698825678,752140878,24.18,100.00
11482272,2023-11-01T08:02:06,1698825726,752140926,24.11,100.00
11482272,2023-11-01T08:03:05,1698825785,752140985,24.06,100.00
11482272,2023-11-01T08:04:10,1698825850,752141050,24.02,100.00
11482272,2023-11-01T08:05:15,1698825915,752141115,24.06,100.00
11482272,2023-11-01T08:07:11,1698826031,752141231,24.32,100.00
11482272,2023-11-01T08:10:48,1698826248,752141448,24.57,100.00
11482272,2023-11-01T08:14:19,1698826459,752141659,24.41,100.00
11482272,2023-11-01T08:17:15,1698826635,752141835,24.61,100.00
11482272,2023-11-01T08:19:21,1698826761,752141961,24.58,100.00
11482272,2023-11-01T08:21:36,1698826896,752142096,24.62,100.00
11482272,2023-11-01T08:25:15,1698827115,752142315,24.73,100.00
11482272,2023-11-01T08:32:31,1698827551,752142751,24.72,100.00
11482272,2023-11-01T08:48:57,1698828537,752143737,24.71,100.00
11482272,2023-11-01T09:01:40,1698829300,752144500,24.55,100.00
11482272,2023-11-01T09:11:00,1698829860,752145060,24.80,100.00
11482272,2023-11-01T09:15:42,1698830142,752145342,24.83,100.00
11482272,2023-11-01T09:20:57,1698830457,752145657,24.81,100.00
11482272,2023-11-01T09:27:10,1698830830,752146030,24.57,100.00
11482272,2023-11-01T09:32:17,1698831137,752146337,24.76,100.00
11482272,2023-11-01T09:40:38,1698831638,752146838,24.55,100.00
11482272,2023-11-01T09:48:22,1698832102,752147302,24.63,100.00
11482272,2023-11-01T09:59:31,1698832771,752147971,24.69,100.00
11482272,2023-11-01T10:13:55,1698833635,752148835,24.60,100.00
11482272,2023-11-01T10:26:00,1698834360,752149560,24.61,100.00
11482272,2023-11-01T10:37:27,1698835047,752150247,24.50,100.00
11482272,2023-11-01T10:58:28,1698836308,752151508,24.50,100.00
11482272,2023-11-01T11:07:39,1698836859,752152059,24.44,100.00
11482272,2023-11-01T11:24:56,1698837896,752153096,24.28,100.00
11482272,2023-11-01T13:58:34,1698847114,752162314,23.84,100.00
11482272,2023-11-02T06:59:54,1698908394,752223594,29.92,85.81
11482272,2023-11-02T07:00:33,1698908433,752223633,29.34,91.39
11482272,2023-11-02T07:00:56,1698908456,752223656,28.94,93.23
11482272,2023-11-02T07:01:20,1698908480,752223680,28.52,95.82
11482272,2023-11-02T07:01:39,1698908499,752223699,28.15,96.86
11482272,2023-11-02T07:02:03,1698908523,752223723,27.63,96.87
11482272,2023-11-02T07:02:24,1698908544,752223744,27.35,98.48
11482272,2023-11-02T07:02:47,1698908567,752223767,27.40,99.81
11482272,2023-11-02T07:03:05,1698908585,752223785,27.11,99.40
11482272,2023-11-02T07:03:45,1698908625,752223825,26.81,100.00
11482272,2023-11-02T07:04:04,1698908644,752223844,26.80,100.00
11482272,2023-11-02T07:04:33,1698908673,752223873,26.79,100.00
11482272,2023-11-02T07:04:51,1698908691,752223891,26.70,100.00
11482272,2023-11-02T07:05:03,1698908703,752223903,26.66,100.00
11482272,2023-11-02T07:05:14,1698908714,752223914,26.51,100.00
11482272,2023-11-02T07:05:26,1698908726,752223926,26.37,100.00
11482272,2023-11-02T07:05:36,1698908736,752223936,26.30,100.00
11482272,2023-11-02T07:05:47,1698908747,752223947,26.32,100.00
11482272,2023-11-02T07:05:55,1698908755,752223955,26.38,100.00
11482272,2023-11-02T07:06:07,1698908767,752223967,26.40,100.00
11482272,2023-11-02T07:06:17,1698908777,752223977,26.42,100.00
11482272,2023-11-02T07:06:27,1698908787,752223987,26.41,100.00
11482272,2023-11-02T07:06:37,1698908797,752223997,26.35,100.00
11482272,2023-11-02T07:06:45,1698908805,752224005,26.31,100.00
11482272,2023-11-02T07:06:53,1698908813,752224013,26.23,100.00
11482272,2023-11-02T07:07:02,1698908822,752224022,26.15,100.00
11482272,2023-11-02T07:07:10,1698908830,752224030,26.14,100.00
11482272,2023-11-02T07:07:20,1698908840,752224040,26.17,100.00
11482272,2023-11-02T07:07:29,1698908849,752224049,26.22,100.00
11482272,2023-11-02T07:07:39,1698908859,752224059,26.24,100.00
11482272,2023-11-02T07:07:48,1698908868,752224068,26.26,100.00
11482272,2023-11-02T07:07:58,1698908878,752224078,26.30,100.00
11482272,2023-11-02T07:08:07,1698908887,752224087,26.33,100.00
11482272,2023-11-02T07:08:14,1698908894,752224094,26.37,100.00
11482272,2023-11-02T07:08:23,1698908903,752224103,26.35,100.00
11482272,2023-11-02T07:08:32,1698908912,752224112,26.28,100.00
11482272,2023-11-02T07:08:41,1698908921,752224121,26.24,100.00
11482272,2023-11-02T07:08:49,1698908929,752224129,26.12,100.00
11482272,2023-11-02T07:08:58,1698908938,752224138,26.03,100.00
11482272,2023-11-02T07:09:09,1698908949,752224149,25.98,100.00
11482272,2023-11-02T07:09:20,1698908960,752224160,25.92,100.00
11482272,2023-11-02T07:09:35,1698908975,752224175,25.85,100.00
11482272,2023-11-02T07:09:46,1698908986,752224186,25.82,100.00
11482272,2023-11-02T07:10:01,1698909001,752224201,25.79,100.00
11482272,2023-11-02T07:10:13,1698909013,752224213,25.82,100.00
11482272,2023-11-02T07:10:31,1698909031,752224231,25.84,100.00
11482272,2023-11-02T07:10:49,1698909049,752224249,25.85,100.00
11482272,2023-11-02T07:11:10,1698909070,752224270,25.91,100.00
11482272,2023-11-02T07:11:33,1698909093,752224293,25.86,100.00
11482272,2023-11-02T07:11:52,1698909112,752224312,25.87,100.00
11482272,2023-11-02T07:12:03,1698909123,752224323,25.86,100.00
11482272,2023-11-02T07:12:14,1698909134,752224334,25.81,100.00
11482272,2023-11-02T07:12:27,1698909147,752224347,25.74,100.00
11482272,2023-11-02T07:12:39,1698909159,752224359,25.71,100.00
11482272,2023-11-02T07:12:49,1698909169,752224369,25.63,100.00
11482272,2023-11-02T07:13:00,1698909180,752224380,25.64,100.00
11482272,2023-11-02T07:13:13,1698909193,752224393,25.59,100.00
11482272,2023-11-02T07:13:23,1698909203,752224403,25.51,100.00
11482272,2023-11-02T07:13:34,1698909214,752224414,25.41,100.00
11482272,2023-11-02T07:13:47,1698909227,752224427,25.31,100.00
11482272,2023-11-02T07:13:56,1698909236,752224436,25.30,100.00
11482272,2023-11-02T07:14:06,1698909246,752224446,25.32,100.00
11482272,2023-11-02T07:14:16,1698909256,752224456,25.34,100.00
11482272,2023-11-02T07:14:29,1698909269,752224469,25.38,100.00
11482272,2023-11-02T07:14:43,1698909283,752224483,25.40,100.00
11482272,2023-11-02T07:14:57,1698909297,752224497,25.38,100.00
11482272,2023-11-02T07:15:15,1698909315,752224515,25.39,100.00
11482272,2023-11-02T07:15:31,1698909331,752224531,25.35,100.00
11482272,2023-11-02T07:15:46,1698909346,752224546,25.26,100.00
11482272,2023-11-02T07:16:03,1698909363,752224563,25.29,100.00
11482272,2023-11-02T07:16:26,1698909386,752224586,25.30,100.00
11482272,2023-11-02T07:16:46,1698909406,752224606,25.17,100.00
11482272,2023-11-02T07:17:05,1698909425,752224625,25.13,100.00
11482272,2023-11-02T07:17:19,1698909439,752224639,25.07,100.00
11482272,2023-11-02T07:17:30,1698909450,752224650,25.09,100.00
11482272,2023-11-02T07:17:46,1698909466,752224666,25.11,100.00
11482272,2023-11-02T07:17:56,1698909476,752224676,25.13,100.00
11482272,2023-11-02T07:18:12,1698909492,752224692,25.18,100.00
11482272,2023-11-02T07:18:27,1698909507,752224707,25.22,100.00
11482272,2023-11-02T07:18:41,1698909521,752224721,25.22,100.00
11482272,2023-11-02T07:18:58,1698909538,752224738,25.19,100.00
11482272,2023-11-02T07:19:15,1698909555,752224755,25.19,100.00
11482272,2023-11-02T07:19:35,1698909575,752224775,25.17,100.00
11482272,2023-11-02T07:19:55,1698909595,752224795,25.16,100.00
11482272,2023-11-02T07:20:14,1698909614,752224814,25.17,100.00
11482272,2023-11-02T07:20:32,1698909632,752224832,25.18,100.00
11482272,2023-11-02T07:20:50,1698909650,752224850,25.19,100.00
11482272,2023-11-02T07:21:14,1698909674,752224874,25.18,100.00
11482272,2023-11-02T07:21:37,1698909697,752224897,25.09,100.00
11482272,2023-11-02T07:21:59,1698909719,752224919,25.10,100.00
11482272,2023-11-02T07:22:20,1698909740,752224940,25.11,100.00
11482272,2023-11-02T07:22:43,1698909763,752224963,25.16,100.00
11482272,2023-11-02T07:23:04,1698909784,752224984,25.12,100.00
11482272,2023-11-02T07:23:28,1698909808,752225008,25.06,100.00
11482272,2023-11-02T07:23:49,1698909829,752225029,25.12,100.00
11482272,2023-11-02T07:24:10,1698909850,752225050,25.16,100.00
11482272,2023-11-02T07:24:33,1698909873,752225073,25.17,100.00
11482272,2023-11-02T07:25:01,1698909901,752225101,25.20,100.00
11482272,2023-11-02T07:25:35,1698909935,752225135,25.17,100.00
11482272,2023-11-02T07:26:06,1698909966,752225166,25.26,100.00
11482272,2023-11-02T07:26:41,1698910001,752225201,25.30,100.00
11482272,2023-11-02T07:27:14,1698910034,752225234,25.26,100.00
11482272,2023-11-02T07:27:55,1698910075,752225275,25.32,100.00
11482272,2023-11-02T07:28:37,1698910117,752225317,25.34,100.00
11482272,2023-11-02T07:29:02,1698910142,752225342,25.32,100.00
11482272,2023-11-02T07:29:32,1698910172,752225372,25.35,100.00
11482272,2023-11-02T07:30:05,1698910205,752225405,25.37,100.00
11482272,2023-11-02T07:30:44,1698910244,752225444,25.42,100.00
11482272,2023-11-02T07:31:15,1698910275,752225475,25.34,100.00
11482272,2023-11-02T07:31:40,1698910300,752225500,25.39,100.00
11482272,2023-11-02T07:32:13,1698910333,752225533,25.39,100.00
11482272,2023-11-02T07:32:44,1698910364,752225564,25.40,100.00
11482272,2023-11-02T07:33:47,1698910427,752225627,25.64,100.00
11482272,2023-11-02T07:36:06,1698910566,752225766,25.74,100.00
11482272,2023-11-02T08:22:30,1698913350,752228550,30.68,100.00
11482272,2024-03-07T08:58:13,1709801893,763117093,-666.00,-666.00
