8371400,2022-12-29T19:04:37,1672340677,725655877
8371400,2022-12-29T20:25:22,1672345522,725660722
8371400,2022-12-29T21:43:18,1672350198,725665398
8371400,2022-12-29T23:00:25,1672354825,725670025
8371400,2022-12-30T00:19:41,1672359581,725674781
8371400,2022-12-30T01:35:24,1672364124,725679324
8371400,2022-12-30T02:54:19,1672368859,725684059
8371400,2022-12-30T04:17:00,1672373820,725689020
8371400,2022-12-30T05:36:50,1672378610,725693810
8371400,2022-12-30T06:57:32,1672383452,725698652
8371400,2022-12-30T08:14:23,1672388063,725703263
8371400,2022-12-30T09:30:36,1672392636,725707836
8371400,2022-12-30T10:45:41,1672397141,725712341
8371400,2022-12-30T12:04:17,1672401857,725717057
8371400,2022-12-30T13:25:21,1672406721,725721921
8371400,2022-12-30T14:49:02,1672411742,725726942
8371400,2022-12-30T16:17:22,1672417042,725732242
8371400,2022-12-30T17:45:02,1672422302,725737502
8371400,2022-12-30T19:09:13,1672427353,725742553
8371400,2022-12-30T20:32:56,1672432376,725747576
8371400,2022-12-30T21:54:37,1672437277,725752477
8371400,2022-12-30T23:11:11,1672441871,725757071
8371400,2022-12-31T00:27:28,1672446448,725761648
8371400,2022-12-31T01:44:17,1672451057,725766257
8371400,2022-12-31T03:04:58,1672455898,725771098
8371400,2022-12-31T04:28:43,1672460923,725776123
8371400,2022-12-31T05:50:10,1672465810,725781010
8371400,2022-12-31T07:12:53,1672470773,725785973
8371400,2022-12-31T08:31:21,1672475481,725790681
8371400,2022-12-31T09:47:22,1672480042,725795242
8371400,2022-12-31T11:04:05,1672484645,725799845
8371400,2022-12-31T12:25:40,1672489540,725804740
8371400,2022-12-31T13:47:53,1672494473,725809673
8371400,2022-12-31T15:17:08,1672499828,725815028
8371400,2022-12-31T16:48:09,1672505289,725820489
8371400,2022-12-31T18:14:18,1672510458,725825658
8371400,2022-12-31T19:37:30,1672515450,725830650
8371400,2022-12-31T20:58:46,1672520326,725835526
8371400,2022-12-31T22:16:00,1672524960,725840160
8371400,2022-12-31T23:35:40,1672529740,725844940
8371400,2023-01-01T00:52:06,1672534326,725849526
8371400,2023-01-01T02:12:52,1672539172,725854372
8371400,2023-01-01T03:34:13,1672544053,725859253
8371400,2023-01-01T04:59:20,1672549160,725864360
8371400,2023-01-01T06:22:39,1672554159,725869359
8371400,2023-01-01T07:46:10,1672559170,725874370
8371400,2023-01-01T09:06:41,1672564001,725879201
8371400,2023-01-01T10:28:32,1672568912,725884112
8371400,2023-01-01T11:50:06,1672573806,725889006
8371400,2023-01-01T13:15:37,1672578937,725894137
8371400,2023-01-01T14:45:47,1672584347,725899547
8371400,2023-01-01T16:20:53,1672590053,725905253
8371400,2023-01-01T17:55:02,1672595702,725910902
8371400,2023-01-01T19:22:17,1672600937,725916137
8371400,2023-01-01T20:45:51,1672605951,725921151
8371400,2023-01-01T22:08:35,1672610915,725926115
8371400,2023-01-01T23:29:52,1672615792,725930992
8371400,2023-01-02T00:46:45,1672620405,725935605
8371400,2023-01-02T02:06:28,1672625188,725940388
8371400,2023-01-02T03:32:50,1672630370,725945570
8371400,2023-01-02T04:58:16,1672635496,725950696
8371400,2023-01-02T06:22:40,1672640560,725955760
8371400,2023-01-02T07:45:10,1672645510,725960710
8371400,2023-01-02T09:07:11,1672650431,725965631
8371400,2023-01-02T10:29:43,1672655383,725970583
8371400,2023-01-02T11:47:57,1672660077,725975277
8371400,2023-01-02T13:10:58,1672665058,725980258
8371400,2023-01-02T14:38:37,1672670317,725985517
8371400,2023-01-02T16:09:11,1672675751,725990951
8371400,2023-01-02T17:39:50,1672681190,725996390
8371400,2023-01-02T19:07:56,1672686476,726001676
8371400,2023-01-02T20:30:25,1672691425,726006625
8371400,2023-01-02T21:52:15,1672696335,726011535
8371400,2023-01-02T23:11:34,1672701094,726016294
8371400,2023-01-03T00:35:49,1672706149,726021349
8371400,2023-01-03T02:00:12,1672711212,726026412
8371400,2023-01-03T03:23:25,1672716205,726031405
8371400,2023-01-03T04:51:42,1672721502,726036702
8371400,2023-01-03T06:19:04,1672726744,726041944
8371400,2023-01-03T07:44:23,1672731863,726047063
8371400,2023-01-03T09:06:14,1672736774,726051974
8371400,2023-01-03T10:26:55,1672741615,726056815
8371400,2023-01-03T11:48:34,1672746514,726061714
8371400,2023-01-03T13:13:50,1672751630,726066830
8371400,2023-01-03T14:43:18,1672756998,726072198
8371400,2023-01-03T16:20:28,1672762828,726078028
8371400,2023-01-03T17:54:11,1672768451,726083651
8371400,2023-01-03T19:24:03,1672773843,726089043
8371400,2023-01-03T20:47:59,1672778879,726094079
8371400,2023-01-03T22:09:25,1672783765,726098965
8371400,2023-01-03T23:33:02,1672788782,726103982
8371400,2023-01-04T00:57:04,1672793824,726109024
8371400,2023-01-04T02:22:18,1672798938,726114138
8371400,2023-01-04T03:46:40,1672804000,726119200
8371400,2023-01-04T05:11:52,1672809112,726124312
8371400,2023-01-04T06:36:29,1672814189,726129389
8371400,2023-01-04T08:01:18,1672819278,726134478
8371400,2023-01-04T09:22:42,1672824162,726139362
8371400,2023-01-04T10:41:23,1672828883,726144083
8371400,2023-01-04T12:04:02,1672833842,726149042
8371400,2023-01-04T13:29:54,1672838994,726154194
8371400,2023-01-04T14:59:27,1672844367,726159567
8371400,2023-01-04T16:30:16,1672849816,726165016
8371400,2023-01-04T17:57:15,1672855035,726170235
8371400,2023-01-04T19:20:58,1672860058,726175258
8371400,2023-01-04T20:43:08,1672864988,726180188
8371400,2023-01-04T22:05:11,1672869911,726185111
8371400,2023-01-04T23:27:11,1672874831,726190031
8371400,2023-01-05T00:47:55,1672879675,726194875
8371400,2023-01-05T02:08:26,1672884506,726199706
8371400,2023-01-05T03:32:58,1672889578,726204778
8371400,2023-01-05T05:02:43,1672894963,726210163
8371400,2023-01-05T06:28:51,1672900131,726215331
8371400,2023-01-05T07:53:05,1672905185,726220385
8371400,2023-01-05T09:14:44,1672910084,726225284
8371400,2023-01-05T10:38:23,1672915103,726230303
8371400,2023-01-05T12:01:53,1672920113,726235313
8371400,2023-01-05T13:27:12,1672925232,726240432
8371400,2023-01-05T14:57:37,1672930657,726245857
8371400,2023-01-05T16:31:42,1672936302,726251502
8371400,2023-01-05T18:06:04,1672941964,726257164
8371400,2023-01-05T19:38:23,1672947503,726262703
8371400,2023-01-05T21:04:14,1672952654,726267854
8371400,2023-01-05T22:24:12,1672957452,726272652
8371400,2023-01-05T23:47:44,1672962464,726277664
8371400,2023-01-06T01:10:22,1672967422,726282622
8371400,2023-01-06T02:33:40,1672972420,726287620
8371400,2023-01-06T03:59:22,1672977562,726292762
8371400,2023-01-06T05:26:32,1672982792,726297992
8371400,2023-01-06T06:50:28,1672987828,726303028
8371400,2023-01-06T08:12:49,1672992769,726307969
8371400,2023-01-06T09:35:23,1672997723,726312923
8371400,2023-01-06T10:56:21,1673002581,726317781
8371400,2023-01-06T12:16:27,1673007387,726322587
8371400,2023-01-06T13:39:21,1673012361,726327561
8371400,2023-01-06T15:05:02,1673017502,726332702
8371400,2023-01-06T16:35:26,1673022926,726338126
8371400,2023-01-06T17:59:11,1673027951,726343151
8371400,2023-01-06T19:26:20,1673033180,726348380
8371400,2023-01-06T20:49:10,1673038150,726353350
8371400,2023-01-06T22:08:03,1673042883,726358083
8371400,2023-01-06T23:24:14,1673047454,726362654
8371400,2023-01-07T00:45:14,1673052314,726367514
8371400,2023-01-07T02:06:56,1673057216,726372416
8371400,2023-01-07T03:26:52,1673062012,726377212
8371400,2023-01-07T04:50:22,1673067022,726382222
8371400,2023-01-07T06:13:53,1673072033,726387233
8371400,2023-01-07T07:38:01,1673077081,726392281
8371400,2023-01-07T08:58:30,1673081910,726397110
8371400,2023-01-07T10:17:50,1673086670,726401870
8371400,2023-01-07T11:37:58,1673091478,726406678
8371400,2023-01-07T13:00:16,1673096416,726411616
8371400,2023-01-07T14:23:08,1673101388,726416588
8371400,2023-01-07T15:52:25,1673106745,726421945
8371400,2023-01-07T17:22:22,1673112142,726427342
8371400,2023-01-07T18:46:45,1673117205,726432405
8371400,2023-01-07T20:09:52,1673122192,726437392
8371400,2023-01-07T21:30:51,1673127051,726442251
8371400,2023-01-07T22:52:39,1673131959,726447159
8371400,2023-01-08T00:15:43,1673136943,726452143
8371400,2023-01-08T01:35:24,1673141724,726456924
8371400,2023-01-08T02:59:06,1673146746,726461946
8371400,2023-01-08T04:22:29,1673151749,726466949
8371400,2023-01-08T05:45:07,1673156707,726471907
8371400,2023-01-08T07:08:20,1673161700,726476900
8371400,2023-01-08T08:31:04,1673166664,726481864
8371400,2023-01-25T18:29:42,1674671382,727986582
8371400,2023-01-25T19:58:13,1674676693,727991893
8371400,2023-01-25T21:27:09,1674682029,727997229
8371400,2023-01-25T22:53:20,1674687200,728002400
8371400,2023-01-26T00:20:11,1674692411,728007611
8371400,2023-01-26T01:47:12,1674697632,728012832
8371400,2023-01-26T03:17:13,1674703033,728018233
8371400,2023-01-26T04:47:32,1674708452,728023652
8371400,2023-01-26T06:17:07,1674713827,728029027
8371400,2023-01-26T07:47:33,1674719253,728034453
8371400,2023-01-26T09:15:02,1674724502,728039702
8371400,2023-01-26T10:43:15,1674729795,728044995
8371400,2023-01-26T12:12:02,1674735122,728050322
8371400,2023-01-26T13:40:46,1674740446,728055646
8371400,2023-01-26T15:13:10,1674745990,728061190
8371400,2023-01-26T16:47:45,1674751665,728066865
8371400,2023-01-26T18:22:11,1674757331,728072531
8371400,2023-01-26T19:52:54,1674762774,728077974
8371400,2023-01-26T21:25:06,1674768306,728083506
8371400,2023-01-26T22:56:07,1674773767,728088967
8371400,2023-01-27T00:23:49,1674779029,728094229
8371400,2023-01-27T01:54:11,1674784451,728099651
8371400,2023-01-27T03:26:34,1674789994,728105194
8371400,2023-01-27T04:58:39,1674795519,728110719
8371400,2023-01-27T06:30:12,1674801012,728116212
8371400,2023-01-27T08:00:57,1674806457,728121657
8371400,2023-01-27T09:30:18,1674811818,728127018
8371400,2023-01-27T10:58:27,1674817107,728132307
8371400,2023-01-27T12:26:48,1674822408,728137608
8371400,2023-01-27T14:00:40,1674828040,728143240
8371400,2023-01-27T15:31:10,1674833470,728148670
8371400,2023-01-27T17:02:26,1674838946,728154146
8371400,2023-01-27T18:34:39,1674844479,728159679
8371400,2023-01-27T20:08:15,1674850095,728165295
8371400,2023-01-27T21:37:39,1674855459,728170659
8371400,2023-01-27T23:07:10,1674860830,728176030
8371400,2023-01-28T00:35:15,1674866115,728181315
8371400,2023-01-28T02:02:42,1674871362,728186562
8371400,2023-01-28T03:30:13,1674876613,728191813
8371400,2023-01-28T04:59:37,1674881977,728197177
8371400,2023-01-28T06:26:55,1674887215,728202415
8371400,2023-01-28T07:52:53,1674892373,728207573
8371400,2023-01-28T09:16:27,1674897387,728212587
8371400,2023-01-28T10:38:19,1674902299,728217499
8371400,2023-01-28T12:01:42,1674907302,728222502
8371400,2023-01-28T13:28:48,1674912528,728227728
8371400,2023-01-28T14:57:43,1674917863,728233063
8371400,2023-01-28T16:27:33,1674923253,728238453
8371400,2023-01-28T17:55:51,1674928551,728243751
8371400,2023-01-28T19:21:59,1674933719,728248919
8371400,2023-01-28T20:45:19,1674938719,728253919
8371400,2023-01-28T22:08:45,1674943725,728258925
8371400,2023-01-28T23:31:11,1674948671,728263871
8371400,2023-01-29T00:54:42,1674953682,728268882
8371400,2023-01-29T02:14:58,1674958498,728273698
8371400,2023-01-29T03:39:44,1674963584,728278784
8371400,2023-01-29T05:06:33,1674968793,728283993
8371400,2023-01-29T06:30:51,1674973851,728289051
8371400,2023-01-29T07:53:49,1674978829,728294029
8371400,2023-01-29T09:17:49,1674983869,728299069
8371400,2023-01-29T10:39:38,1674988778,728303978
8371400,2023-01-29T12:02:35,1674993755,728308955
8371400,2023-01-29T13:26:58,1674998818,728314018
8371400,2023-01-29T14:50:49,1675003849,728319049
8371400,2023-01-29T16:14:24,1675008864,728324064
8371400,2023-01-29T17:36:33,1675013793,728328993
8371400,2023-01-29T18:57:39,1675018659,728333859
8371400,2023-01-29T20:20:32,1675023632,728338832
8371400,2023-01-29T21:41:38,1675028498,728343698
8371400,2023-01-29T23:04:15,1675033455,728348655
8371400,2023-01-30T00:24:30,1675038270,728353470
8371400,2023-01-30T01:44:23,1675043063,728358263
8371400,2023-01-30T03:02:51,1675047771,728362971
8371400,2023-01-30T04:21:57,1675052517,728367717
8371400,2023-01-30T05:43:48,1675057428,728372628
8371400,2023-01-30T07:04:19,1675062259,728377459
8371400,2023-01-30T08:25:15,1675067115,728382315
8371400,2023-01-30T09:45:37,1675071937,728387137
8371400,2023-01-30T11:06:11,1675076771,728391971
8371400,2023-01-30T12:26:04,1675081564,728396764
8371400,2023-01-30T13:46:15,1675086375,728401575
8371400,2023-01-30T15:05:41,1675091141,728406341
8371400,2023-01-30T16:27:33,1675096053,728411253
8371400,2023-01-30T17:47:48,1675100868,728416068
8371400,2023-01-30T19:08:54,1675105734,728420934
8371400,2023-01-30T20:30:20,1675110620,728425820
8371400,2023-01-30T21:49:35,1675115375,728430575
8371400,2023-01-30T23:09:09,1675120149,728435349
8371400,2023-01-31T00:31:28,1675125088,728440288
8371400,2023-01-31T01:52:11,1675129931,728445131
8371400,2023-01-31T03:13:08,1675134788,728449988
8371400,2023-01-31T04:33:11,1675139591,728454791
8371400,2023-01-31T05:54:36,1675144476,728459676
8371400,2023-01-31T07:15:54,1675149354,728464554
8371400,2023-01-31T08:36:27,1675154187,728469387
8371400,2023-01-31T09:55:12,1675158912,728474112
8371400,2023-01-31T11:16:27,1675163787,728478987
8371400,2023-01-31T12:38:07,1675168687,728483887
8371400,2023-01-31T13:57:25,1675173445,728488645
8371400,2023-01-31T15:18:49,1675178329,728493529
8371400,2023-01-31T16:39:05,1675183145,728498345
8371400,2023-01-31T17:59:44,1675187984,728503184
8371400,2023-01-31T19:19:44,1675192784,728507984
8371400,2023-01-31T20:39:14,1675197554,728512754
8371400,2023-01-31T21:58:56,1675202336,728517536
8371400,2023-01-31T23:17:52,1675207072,728522272
8371400,2023-02-01T00:38:19,1675211899,728527099
8371400,2023-02-01T02:00:33,1675216833,728532033
8371400,2023-02-01T03:22:58,1675221778,728536978
8371400,2023-02-01T04:44:01,1675226641,728541841
8371400,2023-02-01T06:05:59,1675231559,728546759
8371400,2023-02-01T07:28:42,1675236522,728551722
8371400,2023-02-01T08:47:09,1675241229,728556429
8371400,2023-02-01T10:07:35,1675246055,728561255
8371400,2023-02-01T11:23:04,1675250584,728565784
8371400,2023-02-01T12:42:52,1675255372,728570572
8371400,2023-02-01T14:00:41,1675260041,728575241
8371400,2023-02-01T15:20:38,1675264838,728580038
8371400,2023-02-01T16:41:25,1675269685,728584885
8371400,2023-02-01T18:02:27,1675274547,728589747
8371400,2023-02-01T19:23:26,1675279406,728594606
8371400,2023-02-01T20:43:03,1675284183,728599383
8371400,2023-02-01T22:03:24,1675289004,728604204
8371400,2023-02-01T23:22:41,1675293761,728608961
8371400,2023-02-02T00:44:41,1675298681,728613881
8371400,2023-02-02T02:04:37,1675303477,728618677
8371400,2023-02-02T03:24:40,1675308280,728623480
8371400,2023-02-02T04:45:46,1675313146,728628346
8371400,2023-02-02T06:08:22,1675318102,728633302
8371400,2023-02-02T07:28:35,1675322915,728638115
8371400,2023-02-02T08:49:03,1675327743,728642943
8371400,2023-02-02T10:09:33,1675332573,728647773
8371400,2023-02-02T11:28:47,1675337327,728652527
8371400,2023-02-02T12:49:22,1675342162,728657362
8371400,2023-02-02T14:08:11,1675346891,728662091
8371400,2023-02-02T15:27:02,1675351622,728666822
8371400,2023-02-02T16:44:44,1675356284,728671484
8371400,2023-02-02T18:03:07,1675360987,728676187
8371400,2023-02-02T19:23:45,1675365825,728681025
8371400,2023-02-02T20:44:41,1675370681,728685881
8371400,2023-02-02T22:05:02,1675375502,728690702
8371400,2023-02-02T23:27:23,1675380443,728695643
8371400,2023-02-03T00:50:23,1675385423,728700623
8371400,2023-02-03T02:12:56,1675390376,728705576
8371400,2023-02-03T03:34:41,1675395281,728710481
8371400,2023-02-03T04:55:56,1675400156,728715356
8371400,2023-02-03T06:16:50,1675405010,728720210
8371400,2023-02-03T07:36:56,1675409816,728725016
8371400,2023-02-03T08:57:09,1675414629,728729829
8371400,2023-02-03T10:17:52,1675419472,728734672
8371400,2023-02-03T11:41:33,1675424493,728739693
8371400,2023-02-03T13:02:11,1675429331,728744531
8371400,2023-02-03T14:23:33,1675434213,728749413
8371400,2023-02-03T15:44:10,1675439050,728754250
8371400,2023-02-03T17:06:25,1675443985,728759185
8371400,2023-02-03T18:26:06,1675448766,728763966
8371400,2023-02-03T19:46:58,1675453618,728768818
8371400,2023-02-03T21:08:13,1675458493,728773693
8371400,2023-02-03T22:29:53,1675463393,728778593
8371400,2023-02-03T23:52:50,1675468370,728783570
8371400,2023-02-04T01:14:28,1675473268,728788468
8371400,2023-02-04T02:37:25,1675478245,728793445
8371400,2023-02-04T03:58:23,1675483103,728798303
8371400,2023-02-04T05:20:33,1675488033,728803233
8371400,2023-02-04T06:40:50,1675492850,728808050
8371400,2023-02-04T08:04:02,1675497842,728813042
8371400,2023-02-04T09:25:57,1675502757,728817957
8371400,2023-02-04T10:46:53,1675507613,728822813
8371400,2023-02-04T12:08:30,1675512510,728827710
8371400,2023-02-04T13:27:24,1675517244,728832444
8371400,2023-02-04T14:46:02,1675521962,728837162
8371400,2023-02-04T16:04:47,1675526687,728841887
8371400,2023-02-04T17:24:03,1675531443,728846643
8371400,2023-02-04T18:44:06,1675536246,728851446
8371400,2023-02-04T20:06:27,1675541187,728856387
8371400,2023-02-04T21:26:27,1675545987,728861187
8371400,2023-02-04T22:49:37,1675550977,728866177
8371400,2023-02-05T00:08:11,1675555691,728870891
8371400,2023-02-05T01:30:59,1675560659,728875859
8371400,2023-02-05T02:52:16,1675565536,728880736
8371400,2023-02-05T04:15:05,1675570505,728885705
8371400,2023-02-05T05:35:39,1675575339,728890539
8371400,2023-02-05T06:56:28,1675580188,728895388
8371400,2023-02-05T08:18:53,1675585133,728900333
8371400,2023-02-05T09:40:40,1675590040,728905240
8371400,2023-02-05T11:04:15,1675595055,728910255
8371400,2023-02-05T12:24:26,1675599866,728915066
8371400,2023-02-05T13:46:14,1675604774,728919974
8371400,2023-02-05T15:07:04,1675609624,728924824
8371400,2023-02-05T16:26:38,1675614398,728929598
8371400,2023-02-05T17:46:29,1675619189,728934389
8371400,2023-02-05T19:08:46,1675624126,728939326
8371400,2023-02-05T20:30:05,1675629005,728944205
8371400,2023-02-05T21:54:09,1675634049,728949249
8371400,2023-02-05T23:14:26,1675638866,728954066
8371400,2023-02-06T00:37:26,1675643846,728959046
8371400,2023-02-06T01:58:24,1675648704,728963904
8371400,2023-02-06T03:20:18,1675653618,728968818
8371400,2023-02-06T04:40:36,1675658436,728973636
8371400,2023-02-06T06:02:53,1675663373,728978573
8371400,2023-02-06T07:25:25,1675668325,728983525
8371400,2023-02-06T08:46:23,1675673183,728988383
8371400,2023-02-06T10:09:43,1675678183,728993383
8371400,2023-02-06T11:31:33,1675683093,728998293
8371400,2023-02-06T12:55:02,1675688102,729003302
8371400,2023-02-06T14:14:09,1675692849,729008049
8371400,2023-02-06T15:35:41,1675697741,729012941
8371400,2023-02-06T16:55:13,1675702513,729017713
8371400,2023-02-06T18:18:23,1675707503,729022703
8371400,2023-02-06T19:38:37,1675712317,729027517
8371400,2023-02-06T21:01:59,1675717319,729032519
8371400,2023-02-06T22:24:24,1675722264,729037464
8371400,2023-02-06T23:47:23,1675727243,729042443
8371400,2023-02-07T01:09:27,1675732167,729047367
8371400,2023-02-07T02:30:55,1675737055,729052255
8371400,2023-02-07T03:52:44,1675741964,729057164
8371400,2023-02-07T05:16:14,1675746974,729062174
8371400,2023-02-07T06:39:31,1675751971,729067171
8371400,2023-02-07T08:03:34,1675757014,729072214
8371400,2023-02-07T09:28:49,1675762129,729077329
8371400,2023-02-07T10:52:29,1675767149,729082349
8371400,2023-02-07T12:17:51,1675772271,729087471
8371400,2023-02-07T13:40:06,1675777206,729092406
8371400,2023-02-07T15:05:40,1675782340,729097540
8371400,2023-02-07T16:30:09,1675787409,729102609
8371400,2023-02-07T17:56:15,1675792575,729107775
8371400,2023-02-07T19:23:31,1675797811,729113011
8371400,2023-02-07T20:48:00,1675802880,729118080
8371400,2023-02-07T22:12:47,1675807967,729123167
8371400,2023-02-07T23:37:22,1675813042,729128242
8371400,2023-02-08T01:05:19,1675818319,729133519
8371400,2023-02-08T02:29:52,1675823392,729138592
8371400,2023-02-08T03:57:00,1675828620,729143820
8371400,2023-02-08T05:22:56,1675833776,729148976
8371400,2023-02-08T06:50:40,1675839040,729154240
8371400,2023-02-08T08:17:27,1675844247,729159447
8371400,2023-02-08T09:45:21,1675849521,729164721
8371400,2023-02-08T11:10:59,1675854659,729169859
8371400,2023-02-08T12:37:24,1675859844,729175044
8371400,2023-02-08T14:01:38,1675864898,729180098
8371400,2023-02-08T15:25:55,1675869955,729185155
8371400,2023-02-08T16:51:02,1675875062,729190262
8371400,2023-02-20T17:18:07,1676913487,730228687
8371400,2023-02-20T18:57:06,1676919426,730234626
8371400,2023-02-20T20:37:11,1676925431,730240631
8371400,2023-02-20T22:14:57,1676931297,730246497
8371400,2023-02-20T23:55:50,1676937350,730252550
8371400,2023-02-21T01:33:10,1676943190,730258390
8371400,2023-02-21T03:13:48,1676949228,730264428
8371400,2023-02-21T04:52:47,1676955167,730270367
8371400,2023-02-21T06:32:04,1676961124,730276324
8371400,2023-02-21T08:13:36,1676967216,730282416
8371400,2023-02-21T09:55:29,1676973329,730288529
8371400,2023-02-21T11:36:35,1676979395,730294595
8371400,2023-02-21T13:17:10,1676985430,730300630
8371400,2023-02-21T14:57:32,1676991452,730306652
8371400,2023-02-21T16:35:48,1676997348,730312548
8371400,2023-02-21T18:16:19,1677003379,730318579
8371400,2023-02-21T19:55:28,1677009328,730324528
8371400,2023-02-21T21:37:42,1677015462,730330662
8371400,2023-02-21T23:17:34,1677021454,730336654
8371400,2023-02-22T00:59:29,1677027569,730342769
8371400,2023-02-22T02:39:59,1677033599,730348799
8371400,2023-02-22T04:21:20,1677039680,730354880
8371400,2023-02-22T06:04:18,1677045858,730361058
8371400,2023-02-22T07:44:03,1677051843,730367043
8371400,2023-02-22T09:26:09,1677057969,730373169
8371400,2023-02-22T11:05:59,1677063959,730379159
8371400,2023-02-22T12:45:22,1677069922,730385122
8371400,2023-02-22T14:24:14,1677075854,730391054
8371400,2023-02-22T16:06:05,1677081965,730397165
8371400,2023-02-22T17:46:12,1677087972,730403172
8371400,2023-02-22T19:28:41,1677094121,730409321
8371400,2023-02-22T21:11:45,1677100305,730415505
8371400,2023-02-22T22:55:21,1677106521,730421721
8371400,2023-02-23T00:37:02,1677112622,730427822
8371400,2023-02-23T02:18:29,1677118709,730433909
8371400,2023-02-23T04:02:45,1677124965,730440165
8371400,2023-02-23T05:44:58,1677131098,730446298
8371400,2023-02-23T07:29:01,1677137341,730452541
8371400,2023-02-23T09:11:32,1677143492,730458692
8371400,2023-02-23T10:55:02,1677149702,730464902
8371400,2023-02-23T12:37:10,1677155830,730471030
8371400,2023-02-23T14:15:58,1677161758,730476958
8371400,2023-02-23T15:59:46,1677167986,730483186
8371400,2023-02-23T17:39:20,1677173960,730489160
8371400,2023-02-23T19:22:50,1677180170,730495370
8371400,2023-02-23T21:03:29,1677186209,730501409
8371400,2023-02-23T22:47:42,1677192462,730507662
8371400,2023-02-24T00:32:14,1677198734,730513934
8371400,2023-02-24T02:17:03,1677205023,730520223
8371400,2023-02-24T03:58:38,1677211118,730526318
8371400,2023-02-24T05:40:00,1677217200,730532400
8371400,2023-02-24T07:24:11,1677223451,730538651
8371400,2023-02-24T09:06:56,1677229616,730544816
8371400,2023-02-24T10:52:19,1677235939,730551139
8371400,2023-02-24T12:33:11,1677241991,730557191
8371400,2023-02-24T14:16:42,1677248202,730563402
8371400,2023-02-24T15:56:45,1677254205,730569405
8371400,2023-02-24T17:37:20,1677260240,730575440
8371400,2023-02-24T19:17:34,1677266254,730581454
8371400,2023-02-24T20:59:28,1677272368,730587568
8371400,2023-02-24T22:41:36,1677278496,730593696
8371400,2023-02-25T00:25:53,1677284753,730599953
8371400,2023-02-25T02:07:46,1677290866,730606066
8371400,2023-02-25T03:47:49,1677296869,730612069
8371400,2023-02-25T05:31:42,1677303102,730618302
8371400,2023-02-25T07:14:24,1677309264,730624464
8371400,2023-02-25T08:58:30,1677315510,730630710
8371400,2023-02-25T10:41:47,1677321707,730636907
8371400,2023-02-25T12:26:03,1677327963,730643163
8371400,2023-02-25T14:07:04,1677334024,730649224
8371400,2023-02-25T15:51:17,1677340277,730655477
8371400,2023-02-25T17:36:45,1677346605,730661805
8371400,2023-02-25T19:20:32,1677352832,730668032
8371400,2023-02-25T21:07:11,1677359231,730674431
8371400,2023-02-25T22:52:53,1677365573,730680773
8371400,2023-02-26T00:39:47,1677371987,730687187
8371400,2023-02-26T02:24:30,1677378270,730693470
8371400,2023-02-26T04:11:57,1677384717,730699917
8371400,2023-02-26T05:56:50,1677391010,730706210
8371400,2023-02-26T07:43:46,1677397426,730712626
8371400,2023-02-26T09:29:59,1677403799,730718999
8371400,2023-02-26T11:15:04,1677410104,730725304
8371400,2023-02-26T13:01:31,1677416491,730731691
8371400,2023-02-26T14:43:52,1677422632,730737832
8371400,2023-02-26T16:26:46,1677428806,730744006
8371400,2023-02-26T18:15:06,1677435306,730750506
8371400,2023-02-26T20:00:57,1677441657,730756857
8371400,2023-02-26T21:49:03,1677448143,730763343
8371400,2023-02-26T23:37:27,1677454647,730769847
8371400,2023-02-27T01:25:12,1677461112,730776312
8371400,2023-02-27T03:12:58,1677467578,730782778
8371400,2023-02-27T04:57:01,1677473821,730789021
8371400,2023-02-27T06:45:37,1677480337,730795537
8371400,2023-02-27T08:34:23,1677486863,730802063
8371400,2023-02-27T10:20:23,1677493223,730808423
8371400,2023-02-27T12:07:07,1677499627,730814827
8371400,2023-02-27T13:55:21,1677506121,730821321
8371400,2023-02-27T15:42:32,1677512552,730827752
8371400,2023-02-27T17:27:43,1677518863,730834063
8371400,2023-02-27T19:14:37,1677525277,730840477
8371400,2023-02-27T21:03:43,1677531823,730847023
8371400,2023-02-27T22:51:29,1677538289,730853489
8371400,2023-02-28T00:40:56,1677544856,730860056
8371400,2023-02-28T02:26:35,1677551195,730866395
8371400,2023-02-28T04:16:02,1677557762,730872962
8371400,2023-02-28T06:01:39,1677564099,730879299
8371400,2023-02-28T07:49:52,1677570592,730885792
8371400,2023-02-28T09:38:00,1677577080,730892280
8371400,2023-02-28T11:28:29,1677583709,730898909
8371400,2023-02-28T13:15:21,1677590121,730905321
8371400,2023-02-28T15:01:59,1677596519,730911719
8371400,2023-02-28T16:52:03,1677603123,730918323
8371400,2023-03-14T16:52:55,1678812775,732127975
8371400,2023-03-14T19:04:03,1678820643,732135843
8371400,2023-03-14T21:16:54,1678828614,732143814
8371400,2023-03-14T23:29:23,1678836563,732151763
8371400,2023-03-15T01:44:02,1678844642,732159842
8371400,2023-03-15T03:54:31,1678852471,732167671
8371400,2023-03-15T06:08:18,1678860498,732175698
8371400,2023-03-15T08:20:11,1678868411,732183611
8371400,2023-03-15T10:38:57,1678876737,732191937
8371400,2023-03-15T12:54:05,1678884845,732200045
8371400,2023-03-15T15:06:17,1678892777,732207977
8371400,2023-03-15T17:23:43,1678901023,732216223
8371400,2023-03-15T19:40:38,1678909238,732224438
8371400,2023-03-15T21:57:45,1678917465,732232665
8371400,2023-03-16T00:21:44,1678926104,732241304
8371400,2023-03-16T02:40:09,1678934409,732249609
8371400,2023-03-16T05:00:48,1678942848,732258048
8371400,2023-03-16T07:22:11,1678951331,732266531
8371400,2023-03-16T09:42:04,1678959724,732274924
8371400,2023-03-16T12:06:24,1678968384,732283584
8371400,2023-03-16T14:25:17,1678976717,732291917
8371400,2023-03-16T16:40:20,1678984820,732300020
8371400,2023-03-16T18:59:40,1678993180,732308380
8371400,2023-03-16T21:18:54,1679001534,732316734
8371400,2023-03-16T23:41:03,1679010063,732325263
8371400,2023-03-17T02:03:34,1679018614,732333814
8371400,2023-03-17T04:25:46,1679027146,732342346
8371400,2023-03-17T06:50:02,1679035802,732351002
8371400,2023-03-17T09:11:09,1679044269,732359469
8371400,2023-03-17T11:31:36,1679052696,732367896
8371400,2023-03-17T13:51:12,1679061072,732376272
8371400,2023-03-17T16:10:18,1679069418,732384618
8371400,2023-03-17T18:30:40,1679077840,732393040
8371400,2023-03-17T20:54:10,1679086450,732401650
8371400,2023-03-17T23:19:02,1679095142,732410342
8371400,2023-03-18T01:44:49,1679103889,732419089
8371400,2023-03-18T04:08:37,1679112517,732427717
8371400,2023-03-18T06:37:10,1679121430,732436630
8371400,2023-03-18T09:06:10,1679130370,732445570
8371400,2023-03-18T11:34:10,1679139250,732454450
8371400,2023-03-18T13:59:44,1679147984,732463184
8371400,2023-03-18T16:27:06,1679156826,732472026
8371400,2023-03-18T18:52:22,1679165542,732480742
8371400,2023-03-18T21:18:29,1679174309,732489509
8371400,2023-03-18T23:55:19,1679183719,732498919
8371400,2023-03-19T02:30:51,1679193051,732508251
8371400,2023-03-19T05:04:45,1679202285,732517485
8371400,2023-03-19T07:45:17,1679211917,732527117
8371400,2023-03-19T10:21:08,1679221268,732536468
8371400,2023-03-19T12:54:58,1679230498,732545698
8371400,2023-03-19T15:29:10,1679239750,732554950
8371400,2023-03-19T18:01:03,1679248863,732564063
8371400,2023-03-19T20:33:05,1679257985,732573185
8371400,2023-03-19T23:09:05,1679267345,732582545
8371400,2023-03-20T01:48:32,1679276912,732592112
8371400,2023-03-20T04:22:28,1679286148,732601348
8371400,2023-03-20T06:52:59,1679295179,732610379
8371400,2023-03-20T09:25:57,1679304357,732619557
8371400,2023-03-20T11:55:46,1679313346,732628546
8371400,2023-03-20T14:22:45,1679322165,732637365
8371400,2023-03-20T16:55:06,1679331306,732646506
8371400,2023-03-20T19:26:18,1679340378,732655578
8371400,2023-03-20T21:51:55,1679349115,732664315
8371400,2023-03-21T00:21:33,1679358093,732673293
8371400,2023-03-21T02:50:33,1679367033,732682233
8371400,2023-03-21T05:22:17,1679376137,732691337
8371400,2023-03-21T07:52:28,1679385148,732700348
8371400,2023-03-21T10:26:40,1679394400,732709600
8371400,2023-03-21T12:59:52,1679403592,732718792
8371400,2023-03-21T15:30:54,1679412654,732727854
8371400,2023-03-21T18:01:35,1679421695,732736895
8371400,2023-03-21T20:33:13,1679430793,732745993
8371400,2023-03-21T23:01:29,1679439689,732754889
8371400,2023-03-22T01:31:27,1679448687,732763887
8371400,2023-03-22T04:05:21,1679457921,732773121
8371400,2023-03-22T06:40:26,1679467226,732782426
8371400,2023-03-22T09:12:14,1679476334,732791534
8371400,2023-03-22T11:43:51,1679485431,732800631
8371400,2023-03-22T14:13:07,1679494387,732809587
8371400,2023-03-22T16:39:45,1679503185,732818385
8371400,2023-03-22T19:06:56,1679512016,732827216
8371400,2023-03-22T21:36:39,1679520999,732836199
8371400,2023-03-23T00:08:12,1679530092,732845292
8371400,2023-03-23T02:42:01,1679539321,732854521
8371400,2023-03-23T05:11:04,1679548264,732863464
8371400,2023-03-23T07:46:56,1679557616,732872816
8371400,2023-03-23T10:21:35,1679566895,732882095
8371400,2023-03-23T12:55:38,1679576138,732891338
8371400,2023-03-23T15:26:49,1679585209,732900409
8371400,2023-03-23T17:56:07,1679594167,732909367
8371400,2023-03-23T20:28:55,1679603335,732918535
8371400,2023-03-23T23:06:09,1679612769,732927969
8371400,2023-03-24T01:38:59,1679621939,732937139
8371400,2023-03-24T04:13:19,1679631199,732946399
8371400,2023-03-24T06:53:43,1679640823,732956023
8371400,2023-03-24T09:31:49,1679650309,732965509
8371400,2023-03-24T12:07:00,1679659620,732974820
8371400,2023-03-24T14:42:35,1679668955,732984155
